slice	0	1	2	3	4	5	6	7	8	9	10	11
[1.0, 2.0)			0.5			0.25				0.25		
[2.0, 3.0)	0.25				0.25					0.5		
[3.0, 4.0)	0.5				0.25			0.25				
[4.0, 5.0)					0.5			0.25				0.25
[5.0, 6.0)			0.5			0.25				0.25		
[6.0, 7.0)			0.25					0.5			0.25	
[7.0, 8.0)	0.5				0.25			0.25				
[8.0, 9.0)	0.25				0.25					0.5		
[9.0, 10.0)			0.4			0.2		0.2		0.2		
[10.0, 11.0)	0.2				0.2			0.2		0.4		
[11.0, 12.0)	0.2		0.2					0.4			0.2	
[12.0, 13.0)	0.2		0.4			0.2				0.2		
[13.0, 14.0)				0.5				0.16666666666666666			0.3333333333333333	
[14.0, 15.0)	0.16666666666666666			0.3333333333333333					0.5			
[15.0, 16.0)		0.2857142857142857					0.42857142857142855				0.2857142857142857	
[16.0, 17.0)			0.42857142857142855			0.2857142857142857				0.2857142857142857		
[17.0, 18.0)			0.5555555555555556			0.2222222222222222				0.2222222222222222		
[18.0, 19.0)			0.3333333333333333			0.2222222222222222				0.4444444444444444		
[19.0, 20.0)	0.2222222222222222		0.3333333333333333			0.2222222222222222				0.2222222222222222		
[20.0, 21.0)					1.0							
[21.0, 22.0)			1.0									
[22.0, 23.0)								1.0				
[23.0, 24.0)	1.0											
[24.0, 25.0)	0.14285714285714285		0.14285714285714285				0.14285714285714285			0.5714285714285714		
[25.0, 26.0)	0.16666666666666666	0.16666666666666666	0.16666666666666666				0.16666666666666666			0.3333333333333333		
[26.0, 27.0)	0.1666944490748458	0.16652775462577096	0.1666944490748458				0.1666944490748458			0.3333888981496916		
[27.0, 28.0)	0.16669444907484582	0.11101850308384732	0.22220370061676947				0.16669444907484582			0.33338889814969164		
[28.0, 29.0)	0.16666666666666666		0.16666666666666666	0.08333333333333333	0.08333333333333333	0.0	0.16666666666666666			0.3333333333333333		
[29.0, 30.0)				1.0								
[30.0, 31.0)				1.0								
[31.0, 32.0)			1.0									
[32.0, 33.0)	0.14285714285714285		0.14285714285714285				0.14285714285714285			0.5714285714285714		
[33.0, 34.0)	0.14285714285714285	0.2857142857142857	0.14285714285714285				0.14285714285714285			0.2857142857142857		
[34.0, 35.0)	0.14289797084881395	0.2855101457559303	0.14289797084881395				0.14289797084881395			0.2857959416976279		
[35.0, 36.0)	0.14289797084881395	0.1903400971706202	0.23806801943412403				0.14289797084881395			0.2857959416976279		
[36.0, 37.0)				0.5				0.5	0.0			
[37.0, 38.0)							1.0					
[38.0, 39.0)							1.0					
[39.0, 40.0)										1.0		
[40.0, 41.0)			0.36363636363636365		0.18181818181818182			0.18181818181818182		0.09090909090909091	0.18181818181818182	
[41.0, 42.0)			0.3333333333333333		0.16666666666666666			0.16666666666666666		0.08333333333333333	0.25	
[42.0, 43.0)			0.3333333333333333		0.16666666666666666			0.25		0.08333333333333333	0.16666666666666666	
[43.0, 44.0)			0.3333888981496916	0.055509251541923654	0.22220370061676945	0.055509251541923654		0.1666944490748458			0.1666944490748458	
[44.0, 45.0)			0.3333333333333333		0.16666666666666666			0.16666666666666666				0.3333333333333333
[45.0, 46.0)			0.3333333333333333		0.16666666666666666			0.16666666666666666				0.3333333333333333
[46.0, 47.0)			0.25		0.25			0.16666666666666666				0.3333333333333333
[47.0, 48.0)			0.16666666666666666		0.16666666666666666	0.08333333333333333		0.25				0.3333333333333333
[48.0, 49.0)		0.18181818181818182		0.36363636363636365				0.18181818181818182		0.09090909090909091	0.18181818181818182	
[49.0, 50.0)		0.16666666666666666		0.3333333333333333				0.16666666666666666		0.08333333333333333	0.25	
[50.0, 51.0)		0.16666666666666666		0.3333333333333333				0.25		0.08333333333333333	0.16666666666666666	
[51.0, 52.0)		0.1666944490748458		0.3888981496916153	0.055509251541923654	0.055509251541923654		0.1666944490748458			0.1666944490748458	
[52.0, 53.0)	0.2857142857142857		0.14285714285714285		0.14285714285714285			0.42857142857142855				
[53.0, 54.0)	0.2857142857142857		0.14285714285714285		0.14285714285714285	0.07142857142857142		0.35714285714285715				
[54.0, 55.0)	0.14285714285714285		0.10714285714285714	0.2857142857142857		0.14285714285714285		0.14285714285714285		0.17857142857142858		
[55.0, 56.0)	0.1666944490748458		0.055509251541923654	0.1666944490748458		0.22220370061676945		0.1666944490748458		0.22220370061676945		
[56.0, 57.0)	0.2857142857142857		0.14285714285714285		0.14285714285714285			0.42857142857142855				
[57.0, 58.0)	0.2857142857142857		0.14285714285714285		0.14285714285714285	0.07142857142857142		0.35714285714285715				
[58.0, 59.0)	0.14285714285714285		0.10714285714285714	0.2857142857142857		0.14285714285714285		0.14285714285714285		0.17857142857142858		
[59.0, 60.0)	0.1666944490748458		0.055509251541923654	0.1666944490748458		0.22220370061676945		0.1666944490748458		0.22220370061676945		
[60.0, 61.0)	0.16666666666666666		0.16666666666666666	0.16666666666666666		0.16666666666666666		0.16666666666666666		0.16666666666666666		
[61.0, 62.0)			1.0									
[62.0, 63.0)			1.0									
[63.0, 64.0)			1.0									
[64.0, 65.0)			0.5					0.5				
[65.0, 66.0)			0.25			0.25		0.25			0.25	
[66.0, 67.0)			0.5					0.5				
[67.0, 68.0)			0.25			0.25		0.25			0.25	
[68.0, 69.0)		0.2222222222222222			0.2222222222222222			0.2222222222222222		0.1111111111111111		0.2222222222222222
[69.0, 70.0)		0.16666666666666666			0.16666666666666666			0.16666666666666666		0.3333333333333333		0.16666666666666666
[70.0, 71.0)		0.1666944490748458			0.1666944490748458			0.1666944490748458		0.3332222037006168		0.1666944490748458
[71.0, 72.0)		0.1666944490748458			0.1666944490748458			0.1666944490748458		0.3332222037006168		0.1666944490748458
[72.0, 73.0)			0.5					0.5				
[73.0, 74.0)			0.25			0.25		0.25			0.25	
[74.0, 75.0)			0.5					0.5				
[75.0, 76.0)			0.25			0.25		0.25			0.25	
[76.0, 77.0)		0.2222222222222222				0.2222222222222222		0.1111111111111111		0.2222222222222222		0.2222222222222222
[77.0, 78.0)		0.3333333333333333				0.1111111111111111		0.3333333333333333		0.1111111111111111		0.1111111111111111
[78.0, 79.0)		0.3331851522560569				0.11113580795732383		0.33340742387197153		0.11113580795732383		0.11113580795732383
[79.0, 80.0)		0.25916870415647925	0.07401644809957769			0.11113580795732386		0.3334074238719716		0.11113580795732386		0.11113580795732386
[80.0, 81.0)				0.25	0.25	0.0		0.5				
[81.0, 82.0)				0.5				0.5				
[82.0, 83.0)				0.5				0.5				
[83.0, 84.0)			0.5					0.5				
[84.0, 85.0)		0.2222222222222222				0.2222222222222222		0.1111111111111111		0.2222222222222222		0.2222222222222222
[85.0, 86.0)		0.3333333333333333				0.1111111111111111		0.3333333333333333		0.1111111111111111		0.1111111111111111
[86.0, 87.0)		0.3331851522560569				0.11113580795732383		0.33340742387197153		0.11113580795732383		0.11113580795732383
[87.0, 88.0)		0.25916870415647925	0.07401644809957769			0.11113580795732386		0.3334074238719716		0.11113580795732386		0.11113580795732386
[88.0, 89.0)				0.25		0.25	0.0	0.5				
[89.0, 90.0)					0.5			0.5				
[90.0, 91.0)					0.5			0.5				
[91.0, 92.0)								1.0				
[92.0, 93.0)		0.125	0.125				0.125	0.125	0.25	0.125	0.125	
[93.0, 94.0)									1.0			
[94.0, 95.0)									1.0			
[95.0, 96.0)	0.6666666666666666								0.3333333333333333			
[96.0, 97.0)		0.125	0.125				0.125	0.125	0.25	0.125	0.125	
[97.0, 98.0)									1.0			
[98.0, 99.0)									1.0			
[99.0, 100.0)				0.6666666666666666					0.3333333333333333			
[101.0, 102.0)			0.5			0.25				0.25		
[102.0, 103.0)	0.25				0.25					0.5		
[103.0, 104.0)	0.5				0.25			0.25				
[104.0, 105.0)					0.5			0.25				0.25
[105.0, 106.0)			0.5			0.25				0.25		
[106.0, 107.0)			0.25					0.5			0.25	
[107.0, 108.0)	0.5				0.25			0.25				
[108.0, 109.0)	0.25				0.25					0.5		
[109.0, 110.0)				0.4			0.2		0.2		0.2	
[110.0, 111.0)		0.2				0.2			0.2		0.4	
[111.0, 112.0)		0.2		0.2					0.4			0.2
[112.0, 113.0)		0.2		0.4			0.2				0.2	
[113.0, 114.0)					0.5			0.16666666666666666				0.3333333333333333
[114.0, 115.0)		0.16666666666666666			0.3333333333333333					0.5		
[115.0, 116.0)	0.42857142857142855					0.2857142857142857			0.2857142857142857			
[116.0, 117.0)	0.3076923076923077		0.15384615384615385		0.15384615384615385			0.3076923076923077		0.07692307692307693		
[117.0, 118.0)	0.2857142857142857		0.14285714285714285		0.14285714285714285			0.2857142857142857		0.07142857142857142	0.07142857142857142	
[118.0, 119.0)	0.2857142857142857		0.14285714285714285		0.14285714285714285			0.35714285714285715		0.07142857142857142		
[119.0, 120.0)	0.2857551078725532		0.1428775539362766	0.04757822546078011	0.1904557793970567	0.04757822546078011		0.2857551078725532				
[120.0, 121.0)	0.2857142857142857		0.2857142857142857		0.14285714285714285			0.2857142857142857				
[121.0, 122.0)	0.2857142857142857		0.2857142857142857		0.14285714285714285			0.2857142857142857				
[122.0, 123.0)	0.2857142857142857		0.21428571428571427		0.21428571428571427			0.2857142857142857				
[123.0, 124.0)	0.2857142857142857		0.14285714285714285		0.14285714285714285	0.07142857142857142		0.35714285714285715				
[124.0, 125.0)	0.3076923076923077		0.15384615384615385		0.15384615384615385			0.3076923076923077		0.07692307692307693		
[125.0, 126.0)	0.2857142857142857		0.14285714285714285		0.14285714285714285			0.2857142857142857		0.07142857142857142	0.07142857142857142	
[126.0, 127.0)	0.2857142857142857		0.14285714285714285		0.14285714285714285			0.35714285714285715		0.07142857142857142		
[127.0, 128.0)	0.2857142857142857		0.14285714285714285		0.21428571428571427	0.07142857142857142		0.2857142857142857				
[128.0, 129.0)	0.3333333333333333		0.16666666666666666		0.16666666666666666			0.3333333333333333				
[129.0, 130.0)	0.3333333333333333		0.16666666666666666		0.16666666666666666			0.3333333333333333				
[130.0, 131.0)	0.3333333333333333		0.16666666666666666		0.16666666666666666			0.3333333333333333				
[131.0, 132.0)	0.3333333333333333		0.16666666666666666		0.16666666666666666			0.3333333333333333				
