slice	0	1	2	3	4	5	6	7	8	9	10	11
[0.0, 1.0)		0.25					0.25		0.5			
[1.0, 2.0)				0.5	0.25		0.25					
[2.0, 3.0)		0.25					0.25		0.5			
[3.0, 4.0)				0.5	0.25		0.25					
[4.0, 5.0)		0.25		0.25					0.5			
[5.0, 6.0)				0.25			0.25		0.5			
[6.0, 7.0)		0.5								0.25		0.25
[7.0, 8.0)				0.25	0.25		0.25		0.25			
[8.0, 9.0)		0.25		0.25					0.5			
[9.0, 10.0)				0.25			0.25		0.5			
[10.0, 11.0)		0.5								0.25		0.25
[11.0, 12.0)				0.25	0.25		0.25		0.25			
[12.0, 13.0)		0.5			0.5							
[13.0, 14.0)		0.25		0.25								0.5
[14.0, 15.0)		0.5								0.5		
[15.0, 16.0)									0.5	0.25		0.25
[16.0, 17.0)		0.25					0.375			0.375		
[17.0, 18.0)		0.6					0.3			0.1		
[18.0, 19.0)				0.25			0.25					0.5
[19.0, 20.0)				0.2			0.5					0.3
[20.0, 21.0)		0.25					0.375			0.375		
[21.0, 22.0)		0.6					0.3			0.1		
[22.0, 23.0)				0.25			0.25					0.5
[23.0, 24.0)				0.2			0.5					0.3
[24.0, 25.0)					0.42857142857142855				0.35714285714285715			0.21428571428571427
[25.0, 26.0)				0.42857142857142855			0.35714285714285715					0.21428571428571427
[26.0, 27.0)		0.42857142857142855			0.35714285714285715							0.21428571428571427
[27.0, 28.0)				0.35714285714285715								0.6428571428571429
[28.0, 29.0)		0.35714285714285715			0.21428571428571427					0.42857142857142855		
[29.0, 30.0)					0.21428571428571427				0.42857142857142855			0.35714285714285715
[30.0, 31.0)					0.21428571428571427		0.42857142857142855			0.35714285714285715		
[31.0, 32.0)					0.6428571428571429				0.35714285714285715			
[32.0, 33.0)					0.3125				0.3125			0.375
[33.0, 34.0)				0.3125			0.3125					0.375
[34.0, 35.0)		0.3125			0.3125							0.375
[35.0, 36.0)				0.3125								0.6875
[36.0, 37.0)		0.3125			0.375					0.3125		
[37.0, 38.0)					0.375				0.3125			0.3125
[38.0, 39.0)					0.375		0.3125			0.3125		
[39.0, 40.0)					0.6875				0.3125			
[40.0, 41.0)				0.6			0.2			0.2		
[41.0, 42.0)		0.6					0.2			0.2		
[42.0, 43.0)	0.6						0.2			0.2		
[43.0, 44.0)		0.6			0.2				0.2			
[44.0, 45.0)			0.6				0.2			0.2		
[45.0, 46.0)		0.6					0.2			0.2		
[46.0, 47.0)	0.6						0.2			0.2		
[47.0, 48.0)		0.6			0.2				0.2			
[48.0, 49.0)				0.2				0.2			0.6	
[49.0, 50.0)				0.2			0.2					0.6
[50.0, 51.0)		0.4166666666666667				0.4166666666666667			0.16666666666666666			
[51.0, 52.0)		0.08333333333333333			0.4166666666666667					0.5		
[52.0, 53.0)		0.4166666666666667				0.4166666666666667			0.16666666666666666			
[53.0, 54.0)		0.08333333333333333			0.4166666666666667					0.5		
[54.0, 55.0)				0.4166666666666667				0.4166666666666667			0.16666666666666666	
[55.0, 56.0)				0.08333333333333333			0.4166666666666667					0.5
[56.0, 57.0)	0.16666666666666666					0.4166666666666667				0.4166666666666667		
[57.0, 58.0)		0.5				0.08333333333333333			0.4166666666666667			
[58.0, 59.0)			0.16666666666666666					0.4166666666666667				0.4166666666666667
[59.0, 60.0)				0.5				0.08333333333333333			0.4166666666666667	
[60.0, 61.0)			0.4166666666666667			0.16666666666666666					0.4166666666666667	
[61.0, 62.0)		0.4166666666666667					0.5				0.08333333333333333	
[62.0, 63.0)			0.4166666666666667			0.16666666666666666					0.4166666666666667	
[63.0, 64.0)		0.4166666666666667					0.5				0.08333333333333333	
[64.0, 65.0)			0.4166666666666667			0.16666666666666666					0.4166666666666667	
[65.0, 66.0)				0.625				0.25			0.125	
[66.0, 67.0)		0.5				0.3			0.2			
[67.0, 68.0)		0.08333333333333333			0.25			0.3333333333333333		0.3333333333333333		
[68.0, 69.0)		0.5				0.3			0.2			
[69.0, 70.0)		0.08333333333333333			0.25			0.3333333333333333		0.3333333333333333		
[70.0, 71.0)				0.5				0.3			0.2	
[71.0, 72.0)				0.08333333333333333			0.25			0.3333333333333333		0.3333333333333333
[72.0, 73.0)	0.2					0.5				0.3		
[73.0, 74.0)		0.3333333333333333				0.08333333333333333			0.25			0.3333333333333333
[74.0, 75.0)			0.2					0.5				0.3
[75.0, 76.0)		0.3333333333333333		0.3333333333333333				0.08333333333333333			0.25	
[76.0, 77.0)			0.3			0.2					0.5	
[77.0, 78.0)		0.25			0.3333333333333333		0.3333333333333333				0.08333333333333333	
[78.0, 79.0)			0.3			0.2					0.5	
[79.0, 80.0)		0.25			0.3333333333333333		0.3333333333333333				0.08333333333333333	
[80.0, 81.0)			0.3			0.2					0.5	
[81.0, 82.0)		0.16666666666666666		0.4166666666666667				0.16666666666666666			0.25	
[82.0, 83.0)		0.25			0.2		0.25			0.3		
[83.0, 84.0)		0.2		0.25					0.3			0.25
[84.0, 85.0)		0.25		0.3			0.25			0.2		
[85.0, 86.0)				0.25			0.2		0.25			0.3
[86.0, 87.0)		0.25			0.2		0.25			0.3		
[87.0, 88.0)		0.2		0.25					0.3			0.25
[88.0, 89.0)		0.25		0.3			0.25			0.2		
[89.0, 90.0)				0.3125					0.5625			0.125
[90.0, 91.0)		0.25			0.125		0.25			0.375		
[91.0, 92.0)		0.16666666666666666		0.25					0.3333333333333333			0.25
[92.0, 93.0)		0.25		0.375			0.25			0.125		
[93.0, 94.0)				0.25			0.16666666666666666		0.25			0.3333333333333333
[94.0, 95.0)		0.25			0.125		0.25			0.375		
[95.0, 96.0)		0.16666666666666666		0.25					0.3333333333333333			0.25
[96.0, 97.0)		0.25		0.375			0.25			0.125		
[97.0, 98.0)				0.25			0.16666666666666666		0.25			0.3333333333333333
[98.0, 99.0)		0.25		0.25			0.3333333333333333		0.08333333333333333	0.08333333333333333		
[99.0, 100.0)		0.08333333333333333		0.08333333333333333			0.3333333333333333		0.25	0.25		
[100.0, 101.0)		0.25		0.25			0.3333333333333333		0.08333333333333333	0.08333333333333333		
[101.0, 102.0)		0.08333333333333333		0.08333333333333333			0.3333333333333333		0.25	0.25		
[102.0, 103.0)		0.375		0.125					0.125	0.375		
[103.0, 104.0)		0.125		0.375					0.375	0.125		
[104.0, 105.0)		0.375		0.125					0.125	0.375		
[105.0, 106.0)		0.125		0.375					0.375	0.125		
[106.0, 107.0)		0.25		0.25			0.3333333333333333		0.08333333333333333	0.08333333333333333		
[107.0, 108.0)		0.08333333333333333		0.08333333333333333			0.3333333333333333		0.25	0.25		
[108.0, 109.0)		0.25		0.25			0.3333333333333333		0.08333333333333333	0.08333333333333333		
[109.0, 110.0)		0.08333333333333333		0.08333333333333333			0.3333333333333333		0.25	0.25		
[110.0, 111.0)		0.375		0.125					0.125	0.375		
[111.0, 112.0)		0.125		0.375					0.375	0.125		
[112.0, 113.0)		0.25		0.25			0.3333333333333333		0.08333333333333333	0.08333333333333333		
[113.0, 114.0)		0.08333333333333333		0.08333333333333333			0.3333333333333333		0.25	0.25		
[114.0, 115.0)		0.375		0.125					0.125	0.375		
[115.0, 116.0)		0.125		0.375					0.375	0.125		
[116.0, 117.0)		0.25		0.25			0.3333333333333333		0.08333333333333333	0.08333333333333333		
[117.0, 118.0)		0.08333333333333333		0.08333333333333333			0.3333333333333333		0.25	0.25		
[118.0, 119.0)		0.375		0.125					0.125	0.375		
[119.0, 120.0)		0.125		0.375					0.375	0.125		
[120.0, 121.0)		0.125		0.375					0.375			0.125
[121.0, 122.0)		0.125		0.375					0.375			0.125
[122.0, 123.0)		0.5833333333333334					0.08333333333333333		0.16666666666666666			0.16666666666666666
[123.0, 124.0)				0.16666666666666666	0.08333333333333333		0.08333333333333333		0.5	0.16666666666666666		
[124.0, 125.0)		0.5833333333333334					0.08333333333333333		0.16666666666666666			0.16666666666666666
[125.0, 126.0)				0.16666666666666666	0.08333333333333333		0.08333333333333333		0.5	0.16666666666666666		
[126.0, 127.0)		0.25		0.25					0.5			
[127.0, 128.0)				0.25			0.25		0.5			
[128.0, 129.0)		0.5								0.25		0.25
[129.0, 130.0)				0.25	0.25		0.25		0.25			
[130.0, 131.0)		0.25		0.25					0.5			
[131.0, 132.0)				0.25			0.25		0.5			
[132.0, 133.0)		0.5								0.25		0.25
[133.0, 134.0)				0.25	0.25		0.25		0.25			
[134.0, 135.0)		0.5			0.5							
[135.0, 136.0)		0.25		0.25								0.5
[136.0, 137.0)		0.5								0.5		
[137.0, 138.0)									0.5	0.25		0.25
[138.0, 139.0)			0.25					0.375				0.375
[139.0, 140.0)			0.6					0.3				0.1
[140.0, 141.0)	0.5				0.25			0.25				
[141.0, 142.0)	0.3				0.2			0.5				
[142.0, 143.0)			0.25					0.375				0.375
[143.0, 144.0)			0.6					0.3				0.1
[144.0, 145.0)	0.25					0.25		0.125		0.375		
[145.0, 146.0)	0.6							0.3		0.1		
[146.0, 147.0)			0.25					0.375				0.375
[147.0, 148.0)			0.6					0.3				0.1
[148.0, 149.0)	0.5				0.25			0.25				
[149.0, 150.0)	0.3				0.2			0.5				
[150.0, 151.0)			0.25					0.375				0.375
[151.0, 152.0)			0.6					0.3				0.1
[152.0, 153.0)	0.25					0.25		0.125		0.375		
[153.0, 154.0)	0.6							0.3		0.1		
[154.0, 155.0)	0.4166666666666667					0.3333333333333333		0.08333333333333333		0.16666666666666666		
[155.0, 156.0)	0.4166666666666667					0.3333333333333333		0.16666666666666666		0.08333333333333333		
[156.0, 157.0)	0.4166666666666667					0.3333333333333333		0.08333333333333333		0.16666666666666666		
[157.0, 158.0)	0.4166666666666667					0.3333333333333333		0.16666666666666666		0.08333333333333333		
[158.0, 159.0)	0.4166666666666667					0.3333333333333333		0.08333333333333333		0.16666666666666666		
[159.0, 160.0)	0.4166666666666667					0.3333333333333333		0.16666666666666666		0.08333333333333333		
[160.0, 161.0)	0.25					0.2		0.45		0.1		
[161.0, 162.0)	0.25					0.2		0.5		0.05		
[162.0, 163.0)	0.0625					0.75		0.0625		0.125		
[163.0, 164.0)	0.0625					0.75		0.125		0.0625		
[164.0, 165.0)	0.25				0.4	0.2		0.05		0.1		
[165.0, 166.0)	0.25				0.4	0.2		0.1		0.05		
[166.0, 167.0)	0.0625				0.5	0.25		0.0625		0.125		
[167.0, 168.0)	0.0625				0.5	0.25		0.125		0.0625		
[168.0, 169.0)	0.07142857142857142			0.5		0.2857142857142857				0.14285714285714285		
[169.0, 170.0)	0.08333333333333333			0.3333333333333333		0.3333333333333333		0.25				
[170.0, 171.0)	0.14285714285714285					0.35714285714285715				0.5		
[171.0, 172.0)	0.16666666666666666					0.5833333333333334				0.25		
[172.0, 173.0)	0.2777777777777778				0.3888888888888889	0.2222222222222222				0.1111111111111111		
[173.0, 174.0)	0.25				0.5	0.2				0.05		
[174.0, 175.0)	0.0625				0.5625	0.25				0.125		
[175.0, 176.0)	0.0625				0.625	0.25				0.0625		
[176.0, 177.0)	0.07142857142857142			0.5		0.2857142857142857				0.14285714285714285		
[177.0, 178.0)	0.08333333333333333			0.3333333333333333		0.3333333333333333		0.25				
[178.0, 179.0)	0.07704728950403691			0.2306805074971165			0.07704728950403691		0.2306805074971165		0.3845444059976932	
[179.0, 180.0)	0.09090909090909091			0.18181818181818182			0.09090909090909091		0.18181818181818182		0.45454545454545453	
[180.0, 181.0)			0.1		0.2	0.4			0.1			0.2
[181.0, 182.0)			0.06677329068372652		0.19992003198720512	0.4666133546581368			0.06677329068372652			0.19992003198720512
[182.0, 183.0)	0.07704728950403691			0.2306805074971165			0.07704728950403691		0.2306805074971165		0.3845444059976932	
[183.0, 184.0)	0.09090909090909091			0.18181818181818182			0.09090909090909091		0.18181818181818182		0.45454545454545453	
[184.0, 185.0)			0.1		0.2	0.4			0.1			0.2
[185.0, 186.0)			0.09090909090909091		0.18181818181818182	0.45454545454545453			0.09090909090909091			0.18181818181818182
[186.0, 187.0)			0.07704728950403691		0.2306805074971165	0.3845444059976932			0.07704728950403691			0.2306805074971165
[187.0, 188.0)			0.1		0.2	0.4			0.1			0.2
[188.0, 189.0)			0.07704728950403691		0.2306805074971165	0.3845444059976932			0.07704728950403691			0.2306805074971165
[189.0, 190.0)			0.09090909090909091		0.18181818181818182	0.45454545454545453			0.09090909090909091			0.18181818181818182
[190.0, 191.0)			0.2222222222222222			0.05555555555555555		0.2222222222222222		0.3888888888888889		0.1111111111111111
[191.0, 192.0)			0.2			0.05		0.2		0.5		0.05
[192.0, 193.0)					0.07142857142857142			0.7857142857142857				0.14285714285714285
[193.0, 194.0)					0.0625			0.875				0.0625
[194.0, 195.0)				0.07142857142857142			0.5	0.2857142857142857				0.14285714285714285
[195.0, 196.0)			0.0625				0.625	0.25				0.0625
[196.0, 197.0)				0.0625			0.5625	0.25				0.125
[197.0, 198.0)			0.0625				0.625	0.25				0.0625
[198.0, 199.0)			0.2777777777777778			0.3888888888888889		0.2222222222222222				0.1111111111111111
[199.0, 200.0)			0.3125			0.1875		0.25		0.1875		0.0625
[200.0, 201.0)			0.3333333333333333			0.05555555555555555		0.2222222222222222				0.3888888888888889
[201.0, 202.0)			0.3125					0.5				0.1875
[202.0, 203.0)				0.07142857142857142			0.5	0.2857142857142857				0.14285714285714285
[203.0, 204.0)			0.0625				0.625	0.25				0.0625
[204.0, 205.0)				0.0625			0.5625	0.25				0.125
[205.0, 206.0)			0.0625				0.625	0.25				0.0625
[206.0, 207.0)			0.08333333333333333			0.4166666666666667		0.3333333333333333				0.16666666666666666
[207.0, 208.0)			0.08333333333333333			0.25		0.3333333333333333		0.25		0.08333333333333333
[208.0, 209.0)	0.35		0.15			0.4				0.1		
[209.0, 210.0)	0.20833333333333334		0.20833333333333334			0.375				0.20833333333333334		
[210.0, 211.0)	0.08333333333333333		0.08333333333333333			0.4166666666666667				0.4166666666666667		
[211.0, 212.0)	0.25		0.08333333333333333			0.4166666666666667				0.25		
[212.0, 213.0)	0.15				0.55	0.15				0.15		
[213.0, 214.0)	0.20833333333333334				0.375	0.20833333333333334				0.20833333333333334		
[214.0, 215.0)	0.38461538461538464				0.46153846153846156	0.07692307692307693				0.07692307692307693		
[215.0, 216.0)	0.3333333333333333				0.5833333333333334	0.08333333333333333						
[216.0, 217.0)	0.1		0.4			0.05		0.3		0.15		
[217.0, 218.0)	0.2		0.36			0.04		0.16		0.24		
[218.0, 219.0)	0.07692307692307693		0.3076923076923077		0.46153846153846156	0.07692307692307693				0.07692307692307693		
[219.0, 220.0)	0.07692307692307693		0.38461538461538464		0.15384615384615385	0.07692307692307693		0.15384615384615385		0.15384615384615385		
[220.0, 221.0)	0.1		0.4			0.05		0.3		0.15		
[221.0, 222.0)	0.2		0.36			0.04		0.16		0.24		
[222.0, 223.0)	0.07692307692307693		0.3076923076923077		0.46153846153846156	0.07692307692307693				0.07692307692307693		
[223.0, 224.0)	0.07692307692307693		0.38461538461538464		0.15384615384615385	0.07692307692307693		0.15384615384615385		0.15384615384615385		
[224.0, 225.0)	0.1		0.4			0.05		0.3		0.15		
[225.0, 226.0)	0.2		0.36			0.04		0.16		0.24		
[226.0, 227.0)			0.4		0.2	0.05		0.3				0.05
[227.0, 228.0)			0.4		0.15	0.05		0.35				0.05
[228.0, 229.0)	0.6965280754393485		0.053579082726103726		0.12494642091727388	0.07136733819117017		0.053579082726103726				
[229.0, 230.0)	0.45		0.05		0.25			0.25				
[230.0, 231.0)	0.06819421713038734		0.06819421713038734		0.15902891434806327			0.15902891434806327				0.5455537370430987
[231.0, 232.0)	0.05		0.05		0.25			0.25				0.4
[232.0, 233.0)	0.2678954136305186		0.053579082726103726		0.12494642091727388			0.12494642091727388				0.4286326618088298
[233.0, 234.0)	0.05		0.05		0.25			0.25				0.4
[234.0, 235.0)	0.06819421713038734		0.06819421713038734		0.15902891434806327			0.15902891434806327			0.5455537370430987	
[235.0, 236.0)	0.05		0.25		0.25			0.25			0.2	
[236.0, 237.0)	0.2678954136305186		0.053579082726103726		0.5535790827261037			0.12494642091727388				
[237.0, 238.0)	0.25		0.05		0.45			0.25				
[238.0, 239.0)	0.06819421713038734		0.06819421713038734		0.15902891434806327			0.15902891434806327				0.5455537370430987
[239.0, 240.0)	0.05		0.05		0.25			0.25				0.4
[240.0, 241.0)	0.2678954136305186		0.053579082726103726		0.12494642091727388			0.12494642091727388				0.4286326618088298
[241.0, 242.0)	0.05		0.05		0.25			0.25				0.4
[242.0, 243.0)	0.06819421713038734		0.06819421713038734		0.15902891434806327			0.15902891434806327			0.5455537370430987	
[243.0, 244.0)	0.05		0.25		0.25			0.25			0.2	
[244.0, 245.0)		0.07136733819117017		0.2678954136305186		0.4286326618088298		0.053579082726103726			0.1785255036433776	
[245.0, 246.0)		0.25		0.05		0.45		0.05			0.2	
[246.0, 247.0)	0.613747954173486			0.06819421713038734			0.15902891434806327			0.15902891434806327		
[247.0, 248.0)	0.4090909090909091			0.13636363636363635			0.22727272727272727			0.22727272727272727		
[248.0, 249.0)		0.07136733819117017		0.2678954136305186		0.4286326618088298		0.053579082726103726			0.1785255036433776	
[249.0, 250.0)		0.25		0.05		0.45		0.05			0.2	
[250.0, 251.0)	0.613747954173486			0.06819421713038734			0.15902891434806327			0.15902891434806327		
[251.0, 252.0)	0.4090909090909091			0.13636363636363635			0.22727272727272727			0.22727272727272727		
[252.0, 253.0)	0.48221174453493354			0.053579082726103726			0.12494642091727388			0.07136733819117017		0.2678954136305186
[253.0, 254.0)	0.4090909090909091			0.13636363636363635			0.22727272727272727			0.22727272727272727		
[254.0, 255.0)	0.12494642091727388		0.2143163309044149		0.4286326618088298		0.053579082726103726			0.1785255036433776		
[255.0, 256.0)	0.25				0.45		0.05			0.25		
[256.0, 257.0)	0.13638843426077468		0.5455537370430987				0.15902891434806327			0.15902891434806327		
[257.0, 258.0)			0.5				0.25			0.25		
[258.0, 259.0)		0.4286326618088298	0.2678954136305186				0.12494642091727388			0.1785255036433776		
[259.0, 260.0)		0.45	0.05				0.25			0.25		
[260.0, 261.0)		0.5455537370430987	0.06819421713038734				0.15902891434806327			0.2272231314784506		
[261.0, 262.0)		0.4	0.05				0.25			0.3		
[262.0, 263.0)	0.4286326618088298		0.2678954136305186				0.12494642091727388			0.1785255036433776		
[263.0, 264.0)	0.25				0.25		0.25			0.25		
[264.0, 265.0)	0.15902891434806327		0.06819421713038734				0.613747954173486			0.15902891434806327		
[265.0, 266.0)	0.15		0.25				0.35			0.25		
[266.0, 267.0)		0.4286326618088298	0.2678954136305186				0.12494642091727388			0.1785255036433776		
[267.0, 268.0)		0.45	0.05				0.25			0.25		
[268.0, 269.0)		0.5455537370430987	0.06819421713038734				0.15902891434806327			0.2272231314784506		
[269.0, 270.0)		0.4	0.05				0.25			0.3		
[270.0, 271.0)	0.4286326618088298		0.2678954136305186				0.12494642091727388			0.1785255036433776		
[271.0, 272.0)	0.35294117647058826				0.29411764705882354		0.17647058823529413			0.17647058823529413		
[272.0, 273.0)	0.05			0.2		0.15		0.4		0.2		
[273.0, 274.0)	0.05			0.25				0.45		0.25		
[274.0, 275.0)	0.25					0.25		0.25		0.25		
[275.0, 276.0)				0.25		0.25		0.25		0.25		
[276.0, 277.0)	0.6666666666666666			0.3333333333333333								
[277.0, 278.0)			0.3333333333333333								0.6666666666666666	
[278.0, 279.0)	0.3333333333333333									0.6666666666666666		
[279.0, 280.0)			0.16666666666666666	0.16666666666666666		0.16666666666666666		0.5				
[280.0, 281.0)	0.6666666666666666			0.3333333333333333								
[281.0, 282.0)			0.3333333333333333								0.6666666666666666	
[282.0, 283.0)	0.3333333333333333									0.6666666666666666		
[283.0, 284.0)			0.16666666666666666	0.16666666666666666		0.16666666666666666		0.5				
[284.0, 285.0)		0.18181818181818182		0.18181818181818182		0.18181818181818182		0.36363636363636365			0.09090909090909091	
[285.0, 286.0)		0.2857142857142857		0.14285714285714285		0.14285714285714285		0.2857142857142857			0.14285714285714285	
[286.0, 287.0)				0.25		0.25		0.25			0.25	
[287.0, 288.0)		0.25		0.25		0.25		0.25				
[288.0, 289.0)		0.3333333333333333									0.6666666666666666	
[289.0, 290.0)	0.3333333333333333								0.6666666666666666			
[290.0, 291.0)								0.6666666666666666			0.3333333333333333	
[291.0, 292.0)	0.16666666666666666	0.16666666666666666		0.16666666666666666		0.5						
[292.0, 293.0)		0.3333333333333333									0.6666666666666666	
[293.0, 294.0)	0.3333333333333333								0.6666666666666666			
[294.0, 295.0)								0.6666666666666666			0.3333333333333333	
[295.0, 296.0)	0.16666666666666666	0.16666666666666666		0.16666666666666666		0.5						
[296.0, 297.0)		0.18181818181818182		0.18181818181818182		0.36363636363636365			0.09090909090909091			0.18181818181818182
[297.0, 298.0)		0.14285714285714285		0.14285714285714285		0.2857142857142857			0.14285714285714285			0.2857142857142857
[298.0, 299.0)		0.25		0.25		0.25			0.25			
[299.0, 300.0)		0.25		0.25		0.25						0.25
[300.0, 301.0)									0.5			0.5
[301.0, 302.0)							0.5				0.5	
[302.0, 303.0)						0.5			0.5			
[303.0, 304.0)		0.25		0.25							0.25	0.25
[304.0, 305.0)									0.5			0.5
[305.0, 306.0)									0.5			0.5
[306.0, 307.0)									0.5			0.5
[307.0, 308.0)									0.5			0.5
[308.0, 309.0)									0.5			0.5
[309.0, 310.0)									0.5			0.5
[310.0, 311.0)									0.5			0.5
[311.0, 312.0)									0.5			0.5
[312.0, 313.0)								0.5				0.5
[313.0, 314.0)								0.5				0.5
[314.0, 315.0)								0.5				0.5
[315.0, 316.0)								0.5				0.5
[316.0, 317.0)					0.125		0.25	0.25				0.375
[317.0, 318.0)								0.5				0.5
[318.0, 319.0)								0.5				0.5
[319.0, 320.0)		0.25	0.125		0.125			0.25				0.25
[320.0, 321.0)							0.16666666666666666	0.3333333333333333				0.5
[321.0, 322.0)								0.5				0.5
[322.0, 323.0)								0.5				0.5
[323.0, 324.0)		0.25	0.125		0.125			0.25				0.25
[324.0, 325.0)		0.125					0.25	0.25				0.375
[325.0, 326.0)		0.125	0.125				0.25	0.25				0.25
[326.0, 327.0)								0.375		0.125		0.5
[327.0, 328.0)		0.125	0.125		0.125		0.125	0.25				0.25
[328.0, 329.0)		0.125					0.25	0.25				0.375
[329.0, 330.0)		0.125	0.125				0.25	0.25				0.25
[330.0, 331.0)								0.375		0.125		0.5
[331.0, 332.0)		0.125	0.125		0.125		0.125	0.25				0.25
[332.0, 333.0)	0.08333333333333333	0.08333333333333333					0.08333333333333333	0.4166666666666667	0.3333333333333333			
[333.0, 334.0)			0.08333333333333333	0.08333333333333333		0.3333333333333333	0.3333333333333333		0.08333333333333333	0.08333333333333333		
[334.0, 335.0)			0.08333333333333333	0.08333333333333333					0.08333333333333333	0.4166666666666667	0.3333333333333333	
[335.0, 336.0)					0.08333333333333333	0.08333333333333333		0.3333333333333333	0.3333333333333333		0.08333333333333333	0.08333333333333333
[336.0, 337.0)	0.3333333333333333				0.08333333333333333	0.08333333333333333					0.08333333333333333	0.4166666666666667
[337.0, 338.0)	0.08333333333333333	0.08333333333333333					0.08333333333333333	0.08333333333333333		0.3333333333333333	0.3333333333333333	
[338.0, 339.0)			0.2			0.2		0.2				0.4
[339.0, 340.0)								0.5				0.5
[340.0, 341.0)								0.5				0.5
[341.0, 342.0)								0.5				0.5
[342.0, 343.0)					0.125		0.25	0.25				0.375
[343.0, 344.0)		0.25	0.125		0.125			0.25				0.25
[344.0, 345.0)	0.08333333333333333			0.08333333333333333		0.16666666666666666		0.16666666666666666			0.5	
[345.0, 346.0)	0.25	0.125		0.125				0.25			0.25	
[346.0, 347.0)		0.125					0.25	0.25				0.375
[347.0, 348.0)		0.125	0.125				0.25	0.25				0.25
[348.0, 349.0)					0.2			0.5		0.1		0.2
[349.0, 350.0)		0.08333333333333333	0.08333333333333333		0.25		0.08333333333333333	0.3333333333333333				0.16666666666666666
[350.0, 351.0)		0.08333333333333333	0.3333333333333333				0.3333333333333333					0.25
[351.0, 352.0)		0.08333333333333333	0.4166666666666667				0.5					
[352.0, 353.0)					0.25			0.375		0.125		0.25
[353.0, 354.0)		0.08333333333333333	0.08333333333333333		0.25		0.08333333333333333	0.3333333333333333				0.16666666666666666
[354.0, 355.0)	0.08333333333333333	0.08333333333333333					0.08333333333333333	0.4166666666666667	0.3333333333333333			
[355.0, 356.0)			0.08333333333333333	0.08333333333333333		0.3333333333333333	0.3333333333333333		0.08333333333333333	0.08333333333333333		
[356.0, 357.0)			0.08333333333333333	0.08333333333333333					0.08333333333333333	0.4166666666666667	0.3333333333333333	
[357.0, 358.0)					0.08333333333333333	0.08333333333333333		0.3333333333333333	0.3333333333333333		0.08333333333333333	0.08333333333333333
[358.0, 359.0)	0.125	0.125					0.125	0.375	0.25			
[359.0, 360.0)			0.125	0.125		0.25	0.25		0.125	0.125		
[360.0, 361.0)			0.125	0.125					0.125	0.375	0.25	
[361.0, 362.0)					0.125	0.125		0.25	0.25		0.125	0.125
[362.0, 363.0)			0.25		0.125	0.125			0.25		0.125	0.125
[363.0, 364.0)	0.08333333333333333	0.08333333333333333	0.16666666666666666			0.16666666666666666	0.08333333333333333	0.08333333333333333	0.16666666666666666			0.16666666666666666
[364.0, 365.0)	0.25		0.25			0.16666666666666666			0.041666666666666664	0.2916666666666667		
[365.0, 366.0)	0.375		0.16666666666666666		0.08333333333333333		0.16666666666666666	0.16666666666666666				0.041666666666666664
[366.0, 367.0)			0.25		0.125	0.125			0.25		0.125	0.125
[367.0, 368.0)	0.08333333333333333	0.08333333333333333	0.16666666666666666			0.16666666666666666	0.08333333333333333	0.08333333333333333	0.16666666666666666			0.16666666666666666
[368.0, 369.0)	0.25		0.25			0.16666666666666666			0.041666666666666664	0.2916666666666667		
[369.0, 370.0)	0.375		0.16666666666666666		0.08333333333333333		0.16666666666666666	0.16666666666666666				0.041666666666666664
[370.0, 371.0)		0.125	0.125			0.25		0.125	0.125			0.25
[371.0, 372.0)			0.16666666666666666	0.08333333333333333	0.08333333333333333	0.16666666666666666			0.16666666666666666	0.08333333333333333	0.08333333333333333	0.16666666666666666
[372.0, 373.0)	0.2916666666666667			0.25		0.25			0.16666666666666666			0.041666666666666664
[373.0, 374.0)			0.041666666666666664	0.375		0.16666666666666666		0.08333333333333333		0.16666666666666666	0.16666666666666666	
[374.0, 375.0)		0.125	0.125			0.25		0.125	0.125			0.25
[375.0, 376.0)			0.16666666666666666	0.08333333333333333	0.08333333333333333	0.16666666666666666			0.16666666666666666	0.08333333333333333	0.08333333333333333	0.16666666666666666
[376.0, 377.0)	0.2916666666666667			0.25		0.25			0.16666666666666666			0.041666666666666664
[377.0, 378.0)			0.041666666666666664	0.375		0.16666666666666666		0.08333333333333333		0.16666666666666666	0.16666666666666666	
[378.0, 379.0)	0.041666666666666664	0.2916666666666667			0.25		0.25			0.16666666666666666		
[379.0, 380.0)				0.041666666666666664	0.375		0.16666666666666666		0.08333333333333333		0.16666666666666666	0.16666666666666666
[380.0, 381.0)			0.041666666666666664	0.2916666666666667			0.25		0.25			0.16666666666666666
[381.0, 382.0)	0.2			0.2		0.05	0.25				0.3	
[382.0, 383.0)			0.041666666666666664	0.2916666666666667			0.25		0.25			0.16666666666666666
[383.0, 384.0)	0.16666666666666666	0.16666666666666666				0.041666666666666664	0.375		0.16666666666666666		0.08333333333333333	
[384.0, 385.0)			0.041666666666666664	0.2916666666666667			0.25		0.25			0.16666666666666666
[385.0, 386.0)	0.3333333333333333					0.08333333333333333	0.08333333333333333				0.5	
[386.0, 387.0)	0.125		0.125			0.1875	0.0625		0.1875		0.1875	0.125
[387.0, 388.0)	0.125		0.125			0.1875	0.0625		0.3125		0.0625	0.125
[388.0, 389.0)	0.125		0.125			0.1875	0.0625		0.1875		0.1875	0.125
[389.0, 390.0)	0.125		0.125			0.1875	0.0625		0.3125		0.0625	0.125
[390.0, 391.0)	0.125		0.125			0.1875	0.0625		0.1875		0.1875	0.125
[391.0, 392.0)	0.125		0.125			0.1875	0.0625		0.3125		0.0625	0.125
[392.0, 393.0)	0.125		0.125			0.1875	0.0625		0.1875		0.1875	0.125
[393.0, 394.0)	0.125					0.0625	0.1875		0.3125		0.1875	0.125
[394.0, 395.0)		0.75					0.08333333333333333		0.16666666666666666			
[395.0, 396.0)				0.15384615384615385		0.07692307692307693	0.07692307692307693		0.6923076923076923			
[396.0, 397.0)		0.75					0.08333333333333333		0.16666666666666666			
[397.0, 398.0)				0.15384615384615385		0.07692307692307693	0.07692307692307693		0.6923076923076923			
[398.0, 399.0)		0.25		0.25					0.5			
[399.0, 400.0)				0.25			0.25		0.5			
[400.0, 401.0)	0.25	0.5									0.25	
[401.0, 402.0)				0.25		0.25	0.25		0.25			
[402.0, 403.0)		0.25		0.25					0.5			
[403.0, 404.0)				0.25			0.25		0.5			
[404.0, 405.0)	0.25	0.5									0.25	
[405.0, 406.0)				0.25		0.25	0.25		0.25			
[406.0, 407.0)		0.6666666666666666				0.3333333333333333						
[407.0, 408.0)	0.6666666666666666	0.16666666666666666		0.16666666666666666								
[408.0, 409.0)		0.3333333333333333									0.6666666666666666	
[409.0, 410.0)	0.16666666666666666								0.6666666666666666		0.16666666666666666	
[410.0, 411.0)		0.25					0.375			0.375		
[411.0, 412.0)		0.6					0.3			0.1		
[412.0, 413.0)				0.25			0.25					0.5
[413.0, 414.0)				0.2			0.5					0.3
[414.0, 415.0)		0.25					0.375			0.375		
[415.0, 416.0)		0.6					0.3			0.1		
[416.0, 417.0)				0.25			0.25					0.5
[417.0, 418.0)				0.2			0.5					0.3
[418.0, 419.0)					0.42857142857142855				0.35714285714285715			0.21428571428571427
[419.0, 420.0)				0.42857142857142855			0.35714285714285715					0.21428571428571427
[420.0, 421.0)		0.42857142857142855			0.35714285714285715							0.21428571428571427
[421.0, 422.0)				0.35714285714285715								0.6428571428571429
[422.0, 423.0)		0.35714285714285715			0.21428571428571427					0.42857142857142855		
[423.0, 424.0)					0.21428571428571427				0.42857142857142855			0.35714285714285715
[424.0, 425.0)					0.21428571428571427		0.42857142857142855			0.35714285714285715		
[425.0, 426.0)					0.6428571428571429				0.35714285714285715			
[426.0, 427.0)					0.5				0.25			0.25
[427.0, 428.0)				0.5			0.25					0.25
[428.0, 429.0)		0.5			0.25							0.25
[429.0, 430.0)				0.25								0.75
[430.0, 431.0)		0.25			0.25					0.5		
[431.0, 432.0)					0.25				0.5			0.25
[432.0, 433.0)					0.25		0.5			0.25		
[433.0, 434.0)					0.75				0.25			
[434.0, 435.0)				0.6666666666666666			0.16666666666666666			0.16666666666666666		
[435.0, 436.0)		0.6666666666666666					0.16666666666666666			0.16666666666666666		
[436.0, 437.0)	0.6666666666666666						0.16666666666666666			0.16666666666666666		
[437.0, 438.0)		0.6666666666666666			0.16666666666666666				0.16666666666666666			
[438.0, 439.0)			0.6666666666666666				0.16666666666666666			0.16666666666666666		
[439.0, 440.0)		0.6666666666666666					0.16666666666666666			0.16666666666666666		
[440.0, 441.0)						0.3125				0.3125		0.375
[441.0, 442.0)	0.25				0.0625		0.25		0.4375			
[442.0, 443.0)		0.25		0.3				0.05	0.2	0.2		
[443.0, 444.0)	0.3125				0.25				0.1875		0.25	
[444.0, 445.0)		0.25				0.25		0.3	0.2			
[445.0, 446.0)	0.05555555555555555		0.2222222222222222		0.2777777777777778				0.4444444444444444			
[446.0, 447.0)			0.14285714285714285			0.17857142857142858			0.2857142857142857	0.17857142857142858		0.21428571428571427
[447.0, 448.0)	0.18181818181818182			0.2727272727272727			0.22727272727272727		0.3181818181818182			
[448.0, 449.0)			0.16666666666666666			0.20833333333333334			0.16666666666666666	0.20833333333333334		0.25
[449.0, 450.0)	0.375			0.25			0.0625		0.3125			
[450.0, 451.0)			0.2			0.25				0.05	0.2	0.3
[451.0, 452.0)	0.3			0.2			0.25		0.25			
[452.0, 453.0)			0.2			0.25				0.05	0.2	0.3
[453.0, 454.0)	0.3			0.2			0.25		0.25			
[454.0, 455.0)		0.625					0.125		0.25			
[455.0, 456.0)				0.23529411764705882		0.11764705882352941	0.11764705882352941		0.5294117647058824			
[456.0, 457.0)		0.625					0.125		0.25			
[457.0, 458.0)				0.23529411764705882		0.11764705882352941	0.11764705882352941		0.5294117647058824			
[458.0, 459.0)		0.375		0.375					0.25			
[459.0, 460.0)				0.375			0.375		0.25			
[460.0, 461.0)	0.2	0.6									0.2	
[461.0, 462.0)				0.2		0.2	0.2		0.4			
[462.0, 463.0)		0.375		0.375					0.25			
[463.0, 464.0)				0.375			0.375		0.25			
[464.0, 465.0)	0.2	0.6									0.2	
[465.0, 466.0)				0.2		0.2	0.2		0.4			
[466.0, 467.0)		0.42857142857142855				0.5714285714285714						
[467.0, 468.0)	0.5	0.25		0.25								
[468.0, 469.0)		0.5714285714285714									0.42857142857142855	
[469.0, 470.0)	0.25								0.5		0.25	
[470.0, 471.0)		0.3					0.4				0.3	
[471.0, 472.0)		0.3125		0.0625			0.25		0.0625		0.3125	
[472.0, 473.0)		0.3125		0.0625		0.3125				0.3125		
[473.0, 474.0)		0.3125		0.0625		0.3125				0.3125		
[474.0, 475.0)		0.3					0.5				0.2	
[475.0, 476.0)		0.3125		0.0625			0.25		0.0625		0.3125	
[476.0, 477.0)		0.3125		0.0625		0.3125				0.3125		
[477.0, 478.0)		0.3125		0.0625		0.3125				0.3125		
[478.0, 479.0)		0.25			0.125		0.375		0.125		0.125	
[479.0, 480.0)		0.16666666666666666			0.16666666666666666			0.08333333333333333	0.25		0.08333333333333333	0.25
[480.0, 481.0)	0.1		0.3				0.3		0.1	0.1		0.1
[481.0, 482.0)	0.14285714285714285		0.14285714285714285				0.5714285714285714			0.14285714285714285		
[482.0, 483.0)		0.25			0.125		0.375		0.125		0.125	
[483.0, 484.0)		0.16666666666666666			0.16666666666666666			0.08333333333333333	0.25		0.08333333333333333	0.25
[484.0, 485.0)	0.1		0.3				0.3		0.1	0.1		0.1
[485.0, 486.0)	0.14285714285714285		0.14285714285714285				0.5714285714285714			0.14285714285714285		
[486.0, 487.0)			0.16666666666666666				0.5		0.16666666666666666			0.16666666666666666
[487.0, 488.0)	0.125	0.125	0.125			0.125	0.125	0.125		0.125	0.125	
[488.0, 489.0)		0.125	0.125		0.125		0.25		0.125		0.125	0.125
[489.0, 490.0)	0.125	0.125	0.125			0.125	0.125	0.125		0.125	0.125	
[490.0, 491.0)		0.125	0.125		0.125		0.25		0.125		0.125	0.125
[491.0, 492.0)	0.125		0.25				0.25		0.125	0.125		0.125
[492.0, 493.0)	0.125		0.25				0.25		0.125	0.125		0.125
[493.0, 494.0)	0.125		0.25				0.25		0.125	0.125		0.125
[494.0, 495.0)	0.125		0.25				0.25		0.125	0.125		0.125
[495.0, 496.0)	0.25		0.25				0.25			0.25		
[496.0, 497.0)		0.25									0.75	
[497.0, 498.0)		0.25							0.5		0.25	
[498.0, 499.0)		0.08333333333333333		0.16666666666666666			0.5				0.25	
[499.0, 500.0)		0.08333333333333333				0.5		0.16666666666666666			0.08333333333333333	0.16666666666666666
[500.0, 501.0)	0.08333333333333333	0.08333333333333333			0.25	0.25	0.08333333333333333	0.08333333333333333			0.08333333333333333	0.08333333333333333
[501.0, 502.0)	0.08333333333333333	0.16666666666666666			0.25		0.08333333333333333		0.25		0.16666666666666666	
[502.0, 503.0)		0.08333333333333333		0.16666666666666666			0.5				0.25	
[503.0, 504.0)		0.08333333333333333				0.5		0.16666666666666666			0.08333333333333333	0.16666666666666666
[504.0, 505.0)	0.08333333333333333	0.08333333333333333			0.25	0.25	0.08333333333333333	0.08333333333333333			0.08333333333333333	0.08333333333333333
[505.0, 506.0)	0.08333333333333333	0.16666666666666666			0.25		0.08333333333333333		0.25		0.16666666666666666	
[506.0, 507.0)			0.07692307692307693			0.3076923076923077		0.34615384615384615				0.2692307692307692
[507.0, 508.0)			0.6					0.1				0.3
[508.0, 509.0)			0.6					0.1				0.3
[509.0, 510.0)			0.2					0.5				0.3
[510.0, 511.0)			0.6					0.1				0.3
[511.0, 512.0)			0.2					0.5				0.3
[512.0, 513.0)			0.6					0.1				0.3
[513.0, 514.0)			0.2					0.5				0.3
[514.0, 515.0)		1.0										
[516.0, 517.0)		0.4				0.4			0.2			
[517.0, 518.0)		0.4				0.4			0.2			
[518.0, 519.0)		0.4				0.4			0.2			
[519.0, 520.0)		0.4				0.4			0.2			
[520.0, 521.0)		0.3333333333333333				0.3333333333333333			0.3333333333333333			
[521.0, 522.0)		0.3333333333333333				0.3333333333333333			0.3333333333333333			
[522.0, 523.0)		0.3333333333333333				0.3333333333333333			0.3333333333333333			
[523.0, 524.0)		0.3333333333333333				0.3333333333333333			0.3333333333333333			
[524.0, 525.0)		1.0										
[525.0, 526.0)		1.0										
[526.0, 527.0)		0.5				0.25			0.25			
[527.0, 528.0)		0.5				0.25			0.25			
[528.0, 529.0)		0.5				0.25			0.25			
[529.0, 530.0)		0.5				0.25			0.25			
[530.0, 531.0)		0.5				0.25			0.25			
