slice	0	1	2	3	4	5	6	7	8	9	10	11
[0.0, 1.0)		0.750501002004008		0.24949899799599198								
[1.0, 2.0)		0.750501002004008		0.24949899799599198								
[2.0, 3.0)	0.1049968374446553	0.31562302340290954		0.18406072106261862				0.07906388361796332			0.15812776723592664	0.15812776723592664
[3.0, 4.0)		0.125		0.125		0.125		0.25	0.125	0.125		0.125
[4.0, 5.0)		0.750501002004008		0.24949899799599198								
[5.0, 6.0)		0.750501002004008		0.24949899799599198								
[6.0, 7.0)	0.1049968374446553	0.31562302340290954		0.18406072106261862				0.07906388361796332			0.15812776723592664	0.15812776723592664
[7.0, 8.0)		0.125		0.125		0.125		0.25	0.125	0.125		0.125
[8.0, 9.0)		0.45012019230769235		0.14963942307692307				0.20012019230769232				0.20012019230769232
[9.0, 10.0)		0.37487487487487486		0.12462462462462462		0.2502502502502503				0.2502502502502503		
[10.0, 11.0)		0.37487487487487486		0.12462462462462462		0.18768768768768768		0.06256256256256257		0.18768768768768768		0.06256256256256257
[11.0, 12.0)		0.21480530594779634		0.14334617030380833		0.26743688489516476		0.053487376979032955		0.26743688489516476		0.053487376979032955
[12.0, 13.0)		0.750501002004008		0.24949899799599198								
[13.0, 14.0)		0.750501002004008		0.24949899799599198								
[14.0, 15.0)	0.1049968374446553	0.31562302340290954		0.18406072106261862				0.07906388361796332			0.15812776723592664	0.15812776723592664
[15.0, 16.0)		0.125		0.125		0.125		0.25	0.125	0.125		0.125
[16.0, 17.0)		0.750501002004008		0.24949899799599198								
[17.0, 18.0)		0.750501002004008		0.24949899799599198								
[18.0, 19.0)	0.1049968374446553	0.31562302340290954		0.18406072106261862				0.07906388361796332			0.15812776723592664	0.15812776723592664
[19.0, 20.0)		0.125		0.125		0.125		0.25	0.125	0.125		0.125
[20.0, 21.0)		0.8004807692307693		0.19951923076923078								
[21.0, 22.0)		0.750501002004008		0.24949899799599198								
[22.0, 23.0)		0.8004807692307693		0.19951923076923078								
[23.0, 24.0)		0.750501002004008		0.24949899799599198								
[24.0, 25.0)		0.4444444444444444		0.14814814814814814	0.037037037037037035					0.37037037037037035		
[25.0, 26.0)		0.406945198046663		0.13564839934888767	0.2881172002170374					0.1692892023874118		
[26.0, 27.0)		0.375		0.125	0.25					0.25		
[27.0, 28.0)		0.5		0.16666666666666666	0.3333333333333333							
[28.0, 29.0)		0.4444444444444444		0.14814814814814814	0.037037037037037035					0.37037037037037035		
[29.0, 30.0)		0.406945198046663		0.13564839934888767	0.2881172002170374					0.1692892023874118		
[30.0, 31.0)		0.375		0.125	0.25					0.25		
[31.0, 32.0)		0.48987589810581317		0.18354016982364468	0.3265839320705421							
[32.0, 33.0)		0.3157894736842105		0.05263157894736842	0.05263157894736842					0.5263157894736842		0.05263157894736842
[33.0, 34.0)		0.2354048964218456		0.03923414940364093	0.33333333333333337					0.35279347143753925		0.03923414940364093
[34.0, 35.0)		0.041729135432283855		0.08345827086456771	0.3333333333333333		0.041729135432283855			0.4997501249375311		
[35.0, 36.0)		0.054503916449086164		0.12924281984334204	0.435378590078329			0.054503916449086164		0.3263707571801567		
[36.0, 37.0)		0.3157894736842105		0.05263157894736842	0.05263157894736842					0.5263157894736842		0.05263157894736842
[37.0, 38.0)		0.1177024482109228			0.33333333333333337					0.47049591964846205		0.07846829880728186
[38.0, 39.0)					0.25		0.09375		0.0625	0.59375		
[39.0, 40.0)				0.125	0.4166666666666667		0.125			0.3333333333333333		
[40.0, 41.0)		0.07025662599915862		0.14051325199831724	0.1931005469078671		0.07025662599915862			0.5258729490954985		
[41.0, 42.0)		0.05238393977415307		0.10476787954830614	0.437892095357591			0.05238393977415307		0.35257214554579674		
[42.0, 43.0)		0.041729135432283855		0.08345827086456771	0.3333333333333333		0.041729135432283855			0.4997501249375311		
[43.0, 44.0)		0.055629580279813455		0.11125916055962691	0.44437041972018654			0.055629580279813455		0.3331112591605596		
[44.0, 45.0)		0.20023980815347725			0.19984012789768188			0.20023980815347725			0.39968025579536376	
[45.0, 46.0)		0.16688874083944039			0.33311125916055967			0.16688874083944039			0.33311125916055967	
[46.0, 47.0)		0.22212350066637052	0.11128387383385163		0.11106175033318526		0.11106175033318526		0.11128387383385163	0.22212350066637052		0.11106175033318526
[47.0, 48.0)		0.16661112962345886	0.08347217594135288		0.24991669443518827	0.08330556481172943			0.08347217594135288	0.16661112962345886		0.16661112962345886
[48.0, 49.0)		0.20023980815347725			0.19984012789768188			0.20023980815347725			0.39968025579536376	
[49.0, 50.0)		0.16688874083944039			0.33311125916055967			0.16688874083944039			0.33311125916055967	
[50.0, 51.0)		0.22212350066637052	0.11128387383385163		0.11106175033318526		0.11106175033318526		0.11128387383385163	0.22212350066637052		0.11106175033318526
[51.0, 52.0)		0.16661112962345886	0.08347217594135288		0.24991669443518827	0.08330556481172943			0.08347217594135288	0.16661112962345886		0.16661112962345886
[52.0, 53.0)		0.19992003198720512	0.10015993602558977		0.19992003198720512	0.09996001599360256	0.09996001599360256		0.10015993602558977			0.19992003198720512
[53.0, 54.0)		0.19992003198720512		0.19992003198720512	0.10015993602558977		0.19992003198720512	0.09996001599360256	0.09996001599360256		0.10015993602558977	
[54.0, 55.0)	0.10015993602558977			0.19992003198720512		0.19992003198720512	0.10015993602558977		0.19992003198720512	0.09996001599360256	0.09996001599360256	
[55.0, 56.0)	0.13697129081744466		0.07319745781284244	0.013587552049090512		0.21915406530791148	0.0821827744904668		0.06399298706991016	0.027394258163488935	0.2465483234714004	0.13697129081744466
[56.0, 57.0)		0.16903313049357674		0.042145593869731796	0.4789272030651341					0.2817218841559612		0.02817218841559612
[57.0, 58.0)		0.2354048964218456		0.03923414940364093	0.33333333333333337					0.35279347143753925		0.03923414940364093
[58.0, 59.0)		0.041729135432283855		0.08345827086456771	0.3333333333333333		0.041729135432283855			0.4997501249375311		
[59.0, 60.0)		0.054503916449086164		0.12924281984334204	0.435378590078329			0.054503916449086164		0.3263707571801567		
[60.0, 61.0)		0.16903313049357674		0.042145593869731796	0.4789272030651341					0.2817218841559612		0.02817218841559612
[61.0, 62.0)		0.2354048964218456		0.03923414940364093	0.33333333333333337					0.35279347143753925		0.03923414940364093
[62.0, 63.0)		0.041729135432283855		0.08345827086456771	0.3333333333333333		0.041729135432283855			0.4997501249375311		
[63.0, 64.0)		0.055629580279813455		0.11125916055962691	0.44437041972018654			0.055629580279813455		0.3331112591605596		
[64.0, 65.0)		0.21034917963819943		0.21034917963819943	0.1931005469078671		0.21076987799747582	0.07025662599915862		0.10517458981909972		
[65.0, 66.0)		0.053388746803069057		0.16016624040920716	0.4398976982097187					0.1867007672634271		0.159846547314578
[66.0, 67.0)		0.12493753123438278		0.12493753123438278	0.3333333333333333		0.12518740629685154	0.041729135432283855		0.24987506246876556		
[67.0, 68.0)		0.11125916055962692		0.16688874083944039	0.38874083944037313					0.16655562958027983		0.16655562958027983
[68.0, 69.0)					0.05258729490954986		0.14051325199831724	0.21076987799747582		0.38578039545645776		0.21034917963819943
[69.0, 70.0)		0.05338874680306905		0.16016624040920713	0.43989769820971864			0.31969309462915596		0.026854219948849102		
[70.0, 71.0)					0.24987506246876562		0.08345827086456772	0.12518740629685157		0.4165417291354323		0.12493753123438281
[71.0, 72.0)		0.055629580279813455		0.16688874083944036	0.44437041972018654			0.3331112591605596				
[72.0, 73.0)		0.14831261101243343		0.07415630550621671	0.11101243339253998			0.4440497335701599		0.07415630550621671		0.14831261101243343
[73.0, 74.0)		0.11125916055962691		0.055629580279813455	0.0832778147901399			0.3331112591605596		0.3054630246502332		0.11125916055962691
[74.0, 75.0)		0.11125916055962691		0.055629580279813455				0.3331112591605596		0.3887408394403731		0.11125916055962691
[75.0, 76.0)		0.11125916055962691		0.055629580279813455				0.3331112591605596		0.3887408394403731		0.11125916055962691
[76.0, 77.0)		0.14831261101243343		0.07415630550621671	0.11101243339253998			0.4440497335701599		0.07415630550621671		0.14831261101243343
[77.0, 78.0)		0.11125916055962691		0.055629580279813455	0.0832778147901399			0.3331112591605596		0.3054630246502332		0.11125916055962691
[78.0, 79.0)		0.11125916055962691		0.055629580279813455				0.3331112591605596		0.3887408394403731		0.11125916055962691
[79.0, 80.0)		0.11125916055962691		0.055629580279813455				0.3331112591605596		0.3887408394403731		0.11125916055962691
[80.0, 81.0)		0.13349320543565146		0.06674660271782573		0.09992006394884091		0.39968025579536365		0.16666666666666666		0.13349320543565146
[81.0, 82.0)		0.11125916055962692		0.05562958027981346		0.33311125916055967		0.33311125916055967		0.05562958027981346		0.11125916055962692
[82.0, 83.0)		0.11125916055962691		0.055629580279813455		0.2498334443704197		0.3331112591605596		0.13890739506995337		0.11125916055962691
[83.0, 84.0)		0.11125916055962691		0.055629580279813455		0.2498334443704197		0.3331112591605596		0.13890739506995337		0.11125916055962691
[84.0, 85.0)		0.11125916055962692		0.05562958027981346				0.5829447035309794		0.05562958027981346		0.19453697534976686
[85.0, 86.0)		0.11125916055962692		0.05562958027981346				0.5829447035309794		0.05562958027981346		0.19453697534976686
[86.0, 87.0)		0.11125916055962692		0.05562958027981346				0.555296469020653		0.05562958027981346		0.2221852098600933
[87.0, 88.0)		0.11122211122211123		0.055611055611055615				0.5551115551115551		0.055611055611055615		0.22244422244422246
[88.0, 89.0)		0.09537407195888063		0.047687035979440316		0.0713877784123358		0.2855511136493432		0.40462592804111935		0.09537407195888063
[89.0, 90.0)		0.08345827086456772		0.04172913543228386		0.24987506246876562		0.24987506246876562		0.2916041979010495		0.08345827086456772
[90.0, 91.0)		0.08345827086456772		0.04172913543228386		0.18740629685157423		0.24987506246876562		0.3540729635182409		0.08345827086456772
[91.0, 92.0)		0.08345827086456772		0.04172913543228386		0.18740629685157423		0.24987506246876562		0.3540729635182409		0.08345827086456772
[92.0, 93.0)		0.11125916055962691		0.055629580279813455				0.4163890739506995		0.13890739506995337		0.27781479013990673
[93.0, 94.0)		0.44437041972018654		0.055629580279813455				0.3331112591605596		0.055629580279813455		0.11125916055962691
[94.0, 95.0)		0.36109260493004663		0.055629580279813455				0.3331112591605596		0.13890739506995337		0.11125916055962691
[95.0, 96.0)		0.19453697534976683		0.13890739506995337		0.0832778147901399		0.3331112591605596		0.055629580279813455		0.19453697534976683
[96.0, 97.0)		0.03339332133573286	0.37492501499700065		0.058388322335532906		0.2249550089982004		0.13337332533493304	0.02499500099980004		0.14997000599880025
[97.0, 98.0)		0.08345827086456771	0.31234382808595695		0.14592703648175911		0.06246876561719139		0.3333333333333333			0.06246876561719139
[98.0, 99.0)			0.357040845472722				0.381033990288489			0.08340474150242788		0.178520422736361
[99.0, 100.0)		0.16666666666666669			0.16666666666666669	0.33333333333333337			0.16666666666666669	0.16666666666666669		
[100.0, 101.0)		0.10011990407673861			0.3998800959232614		0.050059952038369306			0.3498201438848921		0.10011990407673861
[101.0, 102.0)		0.05269801199116441			0.368254970022089		0.10539602398232882			0.42095298201325343		0.05269801199116441
[102.0, 103.0)		0.10011990407673861			0.3998800959232614		0.050059952038369306			0.3498201438848921		0.10011990407673861
[103.0, 104.0)		0.05269801199116441			0.368254970022089		0.10539602398232882			0.42095298201325343		0.05269801199116441
[104.0, 105.0)		0.03339332133573286	0.37492501499700065		0.058388322335532906		0.2249550089982004		0.13337332533493304	0.02499500099980004		0.14997000599880025
[105.0, 106.0)		0.08345827086456771	0.31234382808595695		0.14592703648175911		0.06246876561719139		0.3333333333333333			0.06246876561719139
[106.0, 107.0)			0.357040845472722				0.381033990288489			0.08340474150242788		0.178520422736361
[107.0, 108.0)		0.16666666666666669			0.16666666666666669	0.33333333333333337			0.16666666666666669	0.16666666666666669		
[108.0, 109.0)	0.2083958020989505	0.2083958020989505		0.041729135432283855	0.16666666666666666	0.12493753123438278				0.24987506246876556		
[109.0, 110.0)		0.20839580209895056	0.04172913543228386		0.16666666666666669		0.16666666666666669			0.24987506246876562		0.16666666666666669
[110.0, 111.0)	0.20839580209895056		0.04172913543228386	0.04172913543228386		0.12493753123438281	0.10419790104947528	0.062468765617191405		0.24987506246876562		0.16666666666666669
[111.0, 112.0)	0.2083958020989505	0.2083958020989505		0.041729135432283855	0.041729135432283855				0.12493753123438278	0.37481259370314834		
[112.0, 113.0)		0.20839580209895056	0.04172913543228386		0.04172913543228386		0.04172913543228386	0.12493753123438281	0.12493753123438281	0.24987506246876562		0.16666666666666669
[113.0, 114.0)	0.20839580209895056		0.04172913543228386	0.04172913543228386			0.16666666666666669		0.12493753123438281	0.24987506246876562		0.16666666666666669
[114.0, 115.0)	0.2083958020989505	0.2083958020989505		0.041729135432283855	0.16666666666666666	0.12493753123438278				0.24987506246876556		
[115.0, 116.0)		0.20839580209895056	0.04172913543228386		0.16666666666666669		0.16666666666666669			0.24987506246876562		0.16666666666666669
[116.0, 117.0)	0.20839580209895056		0.04172913543228386	0.04172913543228386		0.12493753123438281	0.10419790104947528	0.062468765617191405		0.24987506246876562		0.16666666666666669
[117.0, 118.0)	0.16683316683316687	0.16683316683316687		0.08341658341658344	0.08341658341658344				0.2497502497502498	0.2497502497502498		
[118.0, 119.0)	0.16683316683316687	0.16683316683316687		0.08341658341658344	0.08341658341658344				0.2497502497502498	0.2497502497502498		
[119.0, 120.0)	0.16683316683316687	0.16683316683316687		0.08341658341658344	0.08341658341658344				0.2497502497502498	0.1248751248751249	0.1248751248751249	
[120.0, 121.0)		0.36109260493004663		0.055629580279813455	0.055629580279813455		0.0832778147901399		0.0832778147901399			0.36109260493004663
[121.0, 122.0)				0.3610926049300467	0.3610926049300467		0.05562958027981346		0.05562958027981346		0.08327781479013992	0.08327781479013992
[122.0, 123.0)		0.36109260493004663		0.36109260493004663	0.055629580279813455		0.055629580279813455		0.0832778147901399		0.0832778147901399	
[123.0, 124.0)		0.36109260493004663		0.055629580279813455	0.055629580279813455		0.0832778147901399		0.0832778147901399			0.36109260493004663
[124.0, 125.0)				0.3610926049300467	0.3610926049300467		0.05562958027981346		0.05562958027981346		0.08327781479013992	0.08327781479013992
[125.0, 126.0)				0.08327781479013992	0.3610926049300467				0.41672218520986015			0.1389073950699534
[126.0, 127.0)			0.16655562958027983					0.6665556295802798				0.16688874083944039
[127.0, 128.0)			0.08327781479013992		0.3610926049300467			0.3610926049300467		0.05562958027981346		0.1389073950699534
[128.0, 129.0)			0.0832778147901399		0.36109260493004663			0.3054630246502332		0.055629580279813455		0.19453697534976683
[129.0, 130.0)			0.08327781479013992		0.3610926049300467			0.3610926049300467		0.05562958027981346		0.1389073950699534
[130.0, 131.0)			0.08327781479013992		0.3610926049300467			0.3610926049300467		0.05562958027981346		0.1389073950699534
[131.0, 132.0)			0.08327781479013992		0.3610926049300467			0.3610926049300467		0.05562958027981346		0.1389073950699534
[132.0, 133.0)		0.36109260493004663		0.055629580279813455	0.055629580279813455		0.0832778147901399		0.0832778147901399			0.36109260493004663
[133.0, 134.0)				0.3610926049300467	0.3610926049300467		0.05562958027981346		0.05562958027981346		0.08327781479013992	0.08327781479013992
[134.0, 135.0)		0.36109260493004663		0.36109260493004663	0.055629580279813455		0.055629580279813455		0.0832778147901399		0.0832778147901399	
[135.0, 136.0)		0.36109260493004663		0.055629580279813455	0.055629580279813455		0.0832778147901399		0.0832778147901399			0.36109260493004663
[136.0, 137.0)				0.3610926049300467	0.3610926049300467		0.05562958027981346		0.05562958027981346		0.08327781479013992	0.08327781479013992
[137.0, 138.0)				0.08327781479013992	0.3610926049300467				0.41672218520986015			0.1389073950699534
[138.0, 139.0)			0.16688874083944039			0.16655562958027983					0.6665556295802798	
[139.0, 140.0)	0.055629580279813455		0.13890739506995337			0.0832778147901399		0.36109260493004663			0.36109260493004663	
[140.0, 141.0)	0.05562958027981346		0.19453697534976686			0.08327781479013992		0.3610926049300467			0.30546302465023323	
[141.0, 142.0)	0.055629580279813455		0.13890739506995337			0.0832778147901399		0.36109260493004663			0.36109260493004663	
[142.0, 143.0)	0.055629580279813455		0.13890739506995337			0.0832778147901399		0.36109260493004663			0.36109260493004663	
[143.0, 144.0)	0.055629580279813455		0.13890739506995337			0.0832778147901399		0.36109260493004663			0.36109260493004663	
[144.0, 145.0)		0.5715102974828375		0.14244851258581237		0.14302059496567507			0.14302059496567507			
[145.0, 146.0)		0.5953674578209894		0.11867314841292538		0.1429796968830426			0.1429796968830426			
[146.0, 147.0)		0.5953674578209894		0.11867314841292538		0.1429796968830426			0.1429796968830426			
[147.0, 148.0)		0.5715102974828375		0.14244851258581237		0.14302059496567507			0.14302059496567507			
[148.0, 149.0)	0.018452645620275678	0.38883948421520675		0.06469542018674967		0.22232103156958646		0.13895064473099156	0.11116051578479323		0.027790128946198308	0.027790128946198308
[149.0, 150.0)		0.15625		0.28125		0.15625		0.0625	0.03125	0.15625		0.15625
[150.0, 151.0)		0.5715102974828375		0.14244851258581237		0.14302059496567507			0.14302059496567507			
[151.0, 152.0)		0.5953674578209894		0.11867314841292538		0.1429796968830426			0.1429796968830426			
[152.0, 153.0)		0.5953674578209894		0.11867314841292538		0.1429796968830426			0.1429796968830426			
[153.0, 154.0)		0.5715102974828375		0.14244851258581237		0.14302059496567507			0.14302059496567507			
[154.0, 155.0)	0.018452645620275678	0.38883948421520675		0.06469542018674967		0.22232103156958646		0.13895064473099156	0.11116051578479323		0.027790128946198308	0.027790128946198308
[155.0, 156.0)		0.15625		0.28125		0.15625		0.0625	0.03125	0.15625		0.15625
[156.0, 157.0)				0.16666666666666666				0.25		0.4166666666666667		0.16666666666666666
[157.0, 158.0)		0.16666666666666666		0.08333333333333333		0.16666666666666666		0.25			0.041666666666666664	0.2916666666666667
[158.0, 159.0)		0.15625		0.28125		0.15625		0.0625	0.03125	0.15625		0.15625
[159.0, 160.0)				0.4444444444444444				0.2222222222222222		0.1111111111111111		0.2222222222222222
[160.0, 161.0)				0.4444444444444444				0.2222222222222222				0.3333333333333333
[161.0, 162.0)				0.4444444444444444				0.2222222222222222				0.3333333333333333
[162.0, 163.0)		0.1935483870967742		0.03225806451612903	0.4838709677419355					0.25806451612903225		0.03225806451612903
[163.0, 164.0)		0.14637002341920374		0.03649492583918813	0.5610850897736143					0.2316549570647931		0.02439500390320062
[164.0, 165.0)		0.026715725483922575		0.05343145096784515	0.5632698768197089		0.026715725483922575			0.3298672212446009		
[165.0, 166.0)		0.03424236210785319		0.06848472421570638	0.6579864670904245			0.03424236210785319		0.2050440844781628		
[166.0, 167.0)		0.16903313049357674		0.042145593869731796	0.5070993914807302					0.2535496957403651		0.02817218841559612
[167.0, 168.0)		0.14637002341920374		0.03649492583918813	0.5610850897736143					0.2316549570647931		0.02439500390320062
[168.0, 169.0)		0.026715725483922575		0.05343145096784515	0.5632698768197089		0.026715725483922575			0.3298672212446009		
[169.0, 170.0)		0.03424236210785319		0.06848472421570638	0.6579864670904245			0.03424236210785319		0.2050440844781628		
[170.0, 171.0)		0.06357061286638752		0.12714122573277503	0.3174724019794442		0.06357061286638752			0.09516558812333459		0.3330795584316711
[171.0, 172.0)		0.055629580279813455		0.11125916055962691	0.40273151232511656			0.055629580279813455		0.04163890739506995	0.29147235176548963	0.04163890739506995
[172.0, 173.0)		0.0702566259991586		0.1405132519983172	0.24568784181741693		0.0702566259991586			0.052587294909549845	0.052587294909549845	0.36811106436684893
[173.0, 174.0)		0.055629580279813455		0.11125916055962691	0.40273151232511656			0.055629580279813455		0.04163890739506995	0.29147235176548963	0.04163890739506995
[174.0, 175.0)		0.08888888888888889		0.022222222222222223	0.23111111111111113					0.5022222222222222	0.022222222222222223	0.13333333333333333
[175.0, 176.0)		0.2222222222222222			0.24000000000000002		0.1111111111111111			0.29333333333333333		0.13333333333333333
[176.0, 177.0)		0.225		0.3	0.16999999999999998		0.045			0.26		
[177.0, 178.0)		0.1702127659574468			0.3489361702127659		0.1276595744680851			0.35319148936170214		
[178.0, 179.0)		0.17777777777777778			0.28444444444444444		0.1111111111111111		0.3111111111111111	0.11555555555555556		
[179.0, 180.0)		0.275			0.29500000000000004		0.045		0.05	0.335		
[180.0, 181.0)		0.1276595744680851	0.06382978723404255		0.09361702127659575		0.2127659574468085		0.06382978723404255	0.2680851063829788		0.1702127659574468
[181.0, 182.0)		0.2222222222222222	0.06666666666666667		0.2177777777777778		0.2		0.17777777777777778	0.11555555555555556		
[182.0, 183.0)		0.15	0.125		0.16999999999999998		0.16999999999999998		0.075	0.06		0.25
[183.0, 184.0)		0.0851063829787234	0.0851063829787234		0.07234042553191489		0.23404255319148937		0.06382978723404255	0.2468085106382979		0.2127659574468085
[184.0, 185.0)		0.2222222222222222	0.06666666666666667		0.2177777777777778		0.2		0.17777777777777778	0.11555555555555556		
[185.0, 186.0)		0.15	0.125		0.16999999999999998		0.16999999999999998		0.075	0.06		0.25
[186.0, 187.0)		0.14893617021276595	0.02127659574468085		0.13617021276595745		0.10638297872340426			0.374468085106383		0.2127659574468085
[187.0, 188.0)		0.17777777777777778			0.17333333333333334		0.13333333333333333		0.044444444444444446	0.24888888888888888		0.2222222222222222
[188.0, 189.0)		0.2			0.24500000000000002		0.06999999999999999		0.025	0.36		0.1
[189.0, 190.0)		0.1702127659574468			0.13617021276595745		0.0851063829787234		0.02127659574468085	0.374468085106383		0.2127659574468085
[190.0, 191.0)		0.24444444444444444			0.1288888888888889		0.13333333333333333		0.08888888888888889	0.22666666666666666		0.17777777777777778
[191.0, 192.0)		0.225			0.29500000000000004		0.06999999999999999		0.075	0.335		
[192.0, 193.0)		0.02127659574468085	0.14893617021276595		0.1574468085106383		0.06382978723404255		0.02127659574468085	0.45957446808510644		0.1276595744680851
[193.0, 194.0)			0.2037037037037037		0.2851851851851852		0.1			0.24444444444444444		0.16666666666666666
[194.0, 195.0)			0.23636363636363636		0.12727272727272726		0.2909090909090909			0.14545454545454545		0.2
[195.0, 196.0)			0.1702127659574468		0.17872340425531916		0.06382978723404255			0.45957446808510644		0.1276595744680851
[196.0, 197.0)			0.2037037037037037		0.2851851851851852		0.1			0.24444444444444444		0.16666666666666666
[197.0, 198.0)			0.25		0.109375		0.25			0.171875		0.21875
[198.0, 199.0)		0.08	0.04		0.228					0.512		0.14
[199.0, 200.0)		0.20833333333333334			0.1875		0.09166666666666667			0.3875		0.125
[200.0, 201.0)		0.1875		0.25	0.15		0.029166666666666664			0.3833333333333333		
[201.0, 202.0)		0.24193548387096775		0.0967741935483871	0.3387096774193548		0.11290322580645161			0.20967741935483872		
[202.0, 203.0)		0.2903225806451613		0.0967741935483871	0.22580645161290322		0.03225806451612903		0.22580645161290322	0.12903225806451613		
[203.0, 204.0)		0.2631578947368421		0.14035087719298245	0.22807017543859648				0.03508771929824561	0.3333333333333333		
[204.0, 205.0)		0.14285714285714285	0.061224489795918366		0.08979591836734695		0.20408163265306123		0.061224489795918366	0.2775510204081633		0.16326530612244897
[205.0, 206.0)		0.2222222222222222	0.06666666666666667		0.2177777777777778		0.2		0.17777777777777778	0.11555555555555556		
[206.0, 207.0)		0.15	0.125		0.16999999999999998		0.16999999999999998		0.075	0.06		0.25
[207.0, 208.0)		0.0851063829787234	0.0851063829787234		0.07234042553191489		0.23404255319148937		0.06382978723404255	0.2468085106382979		0.2127659574468085
[208.0, 209.0)		0.2222222222222222	0.06666666666666667		0.2177777777777778		0.2		0.17777777777777778	0.11555555555555556		
[209.0, 210.0)		0.15	0.125		0.16999999999999998		0.16999999999999998		0.075	0.06		0.25
[210.0, 211.0)		0.14893617021276595	0.02127659574468085		0.13617021276595745		0.10638297872340426			0.374468085106383		0.2127659574468085
[211.0, 212.0)		0.17777777777777778			0.17333333333333334		0.13333333333333333		0.044444444444444446	0.24888888888888888		0.2222222222222222
[212.0, 213.0)		0.2			0.24500000000000002		0.06999999999999999		0.025	0.36		0.1
[213.0, 214.0)		0.1702127659574468			0.13617021276595745		0.0851063829787234		0.02127659574468085	0.374468085106383		0.2127659574468085
[214.0, 215.0)		0.24444444444444444			0.1288888888888889		0.13333333333333333		0.08888888888888889	0.22666666666666666		0.17777777777777778
[215.0, 216.0)		0.225			0.29500000000000004		0.06999999999999999		0.075	0.335		
[216.0, 217.0)		0.02127659574468085		0.06382978723404255	0.10638297872340426		0.40425531914893614		0.02127659574468085	0.2127659574468085		0.1702127659574468
[217.0, 218.0)		0.05555555555555555		0.05555555555555555	0.18518518518518517		0.25925925925925924		0.09259259259259259	0.09259259259259259		0.25925925925925924
[218.0, 219.0)		0.07272727272727272		0.07272727272727272	0.05454545454545454		0.32727272727272727		0.09090909090909091	0.16363636363636364		0.21818181818181817
[219.0, 220.0)		0.02127659574468085		0.06382978723404255	0.10638297872340426		0.425531914893617			0.2127659574468085		0.1702127659574468
[220.0, 221.0)		0.05555555555555555		0.05555555555555555	0.18518518518518517		0.25925925925925924		0.037037037037037035	0.14814814814814814		0.25925925925925924
[221.0, 222.0)		0.024390243902439025		0.0975609756097561	0.04878048780487805		0.3170731707317073			0.14634146341463414		0.36585365853658536
[222.0, 223.0)					0.4							0.6
[223.0, 224.0)		0.2502502502502502			0.4164164164164164				0.1251251251251251			0.2082082082082082
[224.0, 225.0)		0.583							0.417			
[225.0, 226.0)		0.08308308308308308			0.5005005005005005				0.041041041041041046			0.37537537537537535
[226.0, 227.0)	0.2502502502502502				0.4164164164164164			0.1251251251251251				0.2082082082082082
[227.0, 228.0)	0.18993135011441648		0.4290617848970251				0.21453089244851256	0.16647597254004576				
[228.0, 229.0)					0.4		0.3					0.3
[229.0, 230.0)		0.2502502502502502			0.4164164164164164				0.1251251251251251			0.2082082082082082
[230.0, 231.0)		0.583							0.417			
[231.0, 232.0)	0.12003841229193343	0.0265685019206146		0.36011523687580027					0.4932778489116518			
[232.0, 233.0)	0.1875		0.03125	0.34375					0.40625		0.03125	
[233.0, 234.0)	0.07296351824087957		0.05222388805597202	0.42703648175912046		0.04172913543228386			0.40604697651174415			
[234.0, 235.0)	0.16670832291927018		0.07298175456135966	0.3541614596350912					0.4061484628842789			
[235.0, 236.0)	0.09372656835791053		0.04173956510872283	0.41664583854036497			0.04173956510872283		0.40614846288427897			
[236.0, 237.0)	0.25			0.34375					0.40625			
[237.0, 238.0)	0.058823529411764705			0.11764705882352941	0.4117647058823529				0.058823529411764705			0.35294117647058826
[238.0, 239.0)		0.09094216078574029			0.5605674790833031				0.04547108039287014			0.3030192797380866
[239.0, 240.0)		0.58656							0.41344000000000003			
[240.0, 241.0)		0.15677966101694918			0.41195856873822984				0.07815442561205274			0.35310734463276844
[241.0, 242.0)	0.2581311306143521				0.3977800722767166			0.12906556530717606				0.2150232318017553
[242.0, 243.0)	0.37241054613935975		0.23540489642184562				0.11770244821092281	0.274482109227872				
[243.0, 244.0)					0.4117647058823529		0.23529411764705882					0.35294117647058826
[244.0, 245.0)		0.09094216078574029			0.5605674790833031				0.04547108039287014			0.3030192797380866
[245.0, 246.0)		0.5733034571062741							0.42669654289372605			
[246.0, 247.0)		0.10659411011523688	0.280089628681178					0.36011523687580027	0.05313700384122919			0.2000640204865557
[247.0, 248.0)			0.33322225924691773					0.4721759413528824				0.19460179940019998
[248.0, 249.0)			0.33322225924691773					0.4721759413528824				0.19460179940019992
[249.0, 250.0)			0.041666666666666664			0.16666666666666666		0.5416666666666666				0.25
[250.0, 251.0)								0.5971342885704766		0.20826391202932357		0.19460179940019998
[251.0, 252.0)		0.12495834721759412						0.4721759413528823		0.04165278240586471		0.36121292902365876
[252.0, 253.0)		0.20833333333333334		0.125				0.4166666666666667				0.25
[253.0, 254.0)				0.33322225924691773				0.4721759413528824				0.19460179940019998
[254.0, 255.0)				0.041652782405864716				0.7637454181939353				0.19460179940019992
[255.0, 256.0)	0.09672427134382254				0.09672427134382254	0.25793139025019346	0.13979881351560486	0.10755738973433067			0.05390766056229043	0.2473562032499355
[256.0, 257.0)	0.2831670558267884		0.04436425387391213		0.21226915729144558		0.247718106559117		0.11504988325196351		0.09743154319677352	
[257.0, 258.0)	0.2750899640143943		0.02499000399840064		0.26669332267093165		0.19992003198720512		0.2333066773290684			
[258.0, 259.0)	0.07692307692307693			0.11538461538461539	0.038461538461538464	0.038461538461538464	0.038461538461538464	0.46153846153846156	0.038461538461538464			0.19230769230769232
[259.0, 260.0)				0.24993751562109476				0.6040989752561859				0.14596350912271935
[260.0, 261.0)				0.24993751562109476				0.6040989752561859				0.14596350912271933
[261.0, 262.0)	0.09370314842578709			0.031234382808595695	0.09370314842578709	0.24987506246876556	0.13543228385807096	0.10419790104947525			0.05222388805597201	0.2396301849075462
[262.0, 263.0)	0.2831670558267884		0.04436425387391213		0.21226915729144558		0.247718106559117		0.11504988325196351		0.09743154319677352	
[263.0, 264.0)	0.2750899640143943		0.02499000399840064		0.26669332267093165		0.19992003198720512		0.2333066773290684			
[264.0, 265.0)	0.3684210526315789				0.05263157894736842		0.05263157894736842		0.15789473684210525		0.3684210526315789	
[265.0, 266.0)	0.29185407296351823								0.2083958020989505		0.4997501249375311	
[266.0, 267.0)	0.29185407296351823								0.20839580209895056		0.49975012493753124	
[267.0, 268.0)	0.2608695652173913						0.17391304347826086		0.21739130434782608		0.34782608695652173	
[268.0, 269.0)	0.19460179940019995								0.2639120293235588		0.5414861712762412	
[269.0, 270.0)	0.36121292902365876		0.12495834721759412						0.13895368210596468		0.37487504165278235	
[270.0, 271.0)	0.25		0.20833333333333334		0.125				0.08333333333333333		0.3333333333333333	
[271.0, 272.0)	0.19460179940019995				0.3332222592469177				0.13895368210596468		0.3332222592469177	
[272.0, 273.0)	0.19460179940019992				0.041652782405864716				0.4305231589470177		0.33322225924691773	
[273.0, 274.0)	0.2473562032499355	0.09672427134382254				0.09672427134382254	0.25793139025019346	0.13979881351560486	0.0753159659530565		0.03224142378127418	0.05390766056229043
[274.0, 275.0)		0.2831670558267884		0.04436425387391213		0.21226915729144558		0.247718106559117		0.11504988325196351		0.09743154319677352
[275.0, 276.0)		0.2750899640143943		0.02499000399840064		0.26669332267093165		0.19992003198720512		0.2333066773290684		
[276.0, 277.0)	0.20208383813908412	0.15144172522413377				0.121153380179307	0.242306760358614	0.16161860915919557	0.040465228979888544	0.03028834504482675		0.050642112914950334
[277.0, 278.0)		0.2831670558267884		0.04436425387391213		0.21226915729144558		0.247718106559117		0.11504988325196351		0.09743154319677352
[278.0, 279.0)		0.2750899640143943		0.02499000399840064		0.26669332267093165		0.19992003198720512		0.2333066773290684		
[279.0, 280.0)		0.1282287822878229		0.10270602706027061		0.3075030750307503		0.3717712177121772		0.03843788437884379		0.05135301353013531
[280.0, 281.0)		0.11125916055962692		0.06962025316455697		0.04163890739506996		0.08327781479013992		0.34710193204530315		0.34710193204530315
[281.0, 282.0)		0.12524983344437043		0.04163890739506996		0.2914723517654897		0.40273151232511667		0.09726848767488343		0.04163890739506996
[282.0, 283.0)		0.09726848767488341		0.11125916055962691		0.04163890739506995		0.11125916055962691		0.29147235176548963		0.3471019320453031
[283.0, 284.0)		0.11125916055962692		0.06962025316455697		0.2914723517654897		0.33311125916055967		0.09726848767488343		0.09726848767488343
[284.0, 285.0)		0.12524983344437043		0.04163890739506996		0.04163890739506996		0.15289806795469688		0.34710193204530315		0.2914723517654897
[285.0, 286.0)	0.2064368691677776	0.02380498952580461		0.02380498952580461	0.1666349266806323			0.5317082460483717		0.02380498952580461		0.02380498952580461
[286.0, 287.0)	0.2728374121637994				0.15144172522413377			0.5757208626120669				
[287.0, 288.0)	0.6663336663336663							0.33366633366633364				
[288.0, 289.0)	0.24175164967006602			0.02499500099980004	0.1749650069986003			0.5582883423315337				
[289.0, 290.0)	0.2728374121637994				0.15144172522413377			0.5757208626120669				
[290.0, 291.0)	0.6663336663336663							0.33366633366633364				
[291.0, 292.0)	0.45461147421931736				0.27233115468409586			0.2730573710965868				
[292.0, 293.0)	0.27122877122877126		0.06243756243756245		0.37462537462537465		0.06243756243756245	0.14585414585414588		0.08341658341658344		
[293.0, 294.0)	0.25				0.14570858283433136		0.10429141716566867	0.33333333333333337		0.16666666666666669		
[294.0, 295.0)	0.2501248127808288				0.3330004992511234		0.14578132800798807	0.18771842236645037		0.0833749375936096		
[295.0, 296.0)	0.2804878048780488		0.017661900756938603		0.07022708158116064		0.1404541631623213	0.26324642556770395			0.22792262405382674	
[296.0, 297.0)	0.3654887799845241		0.08614908434356461		0.08614908434356461		0.043074542171782304		0.1612071189063709		0.25793139025019346	
[297.0, 298.0)	0.35407296351824086		0.08345827086456771		0.08345827086456771		0.041729135432283855		0.18740629685157417		0.24987506246876556	
[298.0, 299.0)	0.35407296351824086		0.1146926536731634		0.08345827086456771		0.041729135432283855		0.09370314842578709		0.31234382808595695	
[299.0, 300.0)	0.2916041979010495		0.14592703648175911		0.08345827086456772		0.04172913543228386				0.43728135932033985	
[300.0, 301.0)	0.2916041979010495		0.14592703648175911		0.08345827086456772		0.04172913543228386				0.43728135932033985	
[301.0, 302.0)	0.3217535153019024		0.12655086848635236		0.09208712434518886		0.04604356217259443				0.4135649296939619	
[302.0, 303.0)	0.29819023569023567		0.07028619528619529		0.07028619528619529		0.21927609427609426		0.13152356902356901		0.2104377104377104	
[303.0, 304.0)	0.28328668532586965		0.0667732906837265		0.0667732906837265		0.23330667732906835		0.14994002399040382		0.1999200319872051	
[304.0, 305.0)	0.22484656871861636		0.14729403012832434		0.031058210898270416		0.11623581923005394		0.14729403012832434		0.33327134089641064	
[305.0, 306.0)	0.10614322064703745		0.09087604507451835		0.13631406761177753		0.09087604507451835		0.24245728825881496		0.3333333333333333	
[306.0, 307.0)	0.08157099697885195		0.17771459036786919		0.044428647591967296		0.06664297138795094		0.2370712635507375		0.392571530122623	
[307.0, 308.0)	0.10486634681288552		0.009595613433858806		0.3141421064656157		0.02855837331505597		0.2095042266392506		0.3333333333333333	
[308.0, 309.0)	0.27621658670322136		0.16198309344299747		0.14279186657527984		0.11423349326022388	0.11423349326022388			0.19054146675805345	
[309.0, 310.0)	0.29631274988893824		0.10195468680586404		0.22212350066637046		0.08329631274988893	0.11106175033318523			0.185250999555753	
[310.0, 311.0)	0.23820395738203956		0.3013698630136986				0.04756468797564688	0.1902587519025875			0.22260273972602743	
[311.0, 312.0)	0.5										0.5	
[312.0, 313.0)							0.20947075208913649		0.46518105849582175		0.3253481894150418	
[313.0, 314.0)					0.7333333333333333		0.06666666666666667			0.2		
[314.0, 315.0)		0.1967471143756558		0.01626442812172088	0.26232948583420773					0.49186778593913955		0.032791185729275966
[315.0, 316.0)		0.25		0.041666666666666664	0.16666666666666666					0.5		0.041666666666666664
[316.0, 317.0)		0.058046576294751476		0.11609315258950295	0.3333333333333333		0.058046576294751476			0.4344803614876607		
[317.0, 318.0)		0.04604356217259443		0.09208712434518886	0.3333333333333333			0.04604356217259443		0.4824924179762889		
[318.0, 319.0)		0.12246897452645329		0.06107119529719137	0.3265839320705421					0.48987589810581317		
[319.0, 320.0)		0.23076923076923078		0.038461538461538464	0.19230769230769232					0.5		0.038461538461538464
[320.0, 321.0)					0.23333333333333334					0.7		0.06666666666666667
[321.0, 322.0)					0.16666666666666666		0.25		0.08333333333333333	0.5		
[322.0, 323.0)		0.04605626034197463		0.1494760066188638	0.24131274131274133			0.10341974627688914		0.4481522338665196		0.011583011583011584
[323.0, 324.0)		0.08614908434356461		0.043074542171782304		0.1612071189063709		0.25793139025019346		0.3654887799845241		0.08614908434356461
[324.0, 325.0)		0.08345827086456772		0.04172913543228386		0.18740629685157423		0.24987506246876562		0.3540729635182409		0.08345827086456772
[325.0, 326.0)		0.08345827086456772		0.04172913543228386		0.09370314842578711		0.31234382808595706		0.3540729635182409		0.11469265367316343
[326.0, 327.0)		0.08345827086456772		0.04172913543228386				0.43728135932033985		0.2916041979010495		0.14592703648175911
[327.0, 328.0)		0.08345827086456772		0.04172913543228386				0.43728135932033985		0.2916041979010495		0.14592703648175911
[328.0, 329.0)		0.09208712434518886		0.04604356217259443				0.4135649296939619		0.3217535153019024		0.12655086848635236
[329.0, 330.0)		0.08614908434356461		0.043074542171782304		0.1612071189063709		0.25793139025019346		0.3654887799845241		0.08614908434356461
[330.0, 331.0)		0.08345827086456772		0.04172913543228386		0.18740629685157423		0.24987506246876562		0.3540729635182409		0.08345827086456772
[331.0, 332.0)		0.07630797349782957		0.038153986748914785		0.08567511994516792		0.3712588530957277		0.32373771989947453		0.10486634681288555
[332.0, 333.0)		0.24078187472234566		0.03709462461128388				0.24988893824966682		0.31474900044424703		0.1574855619724567
[333.0, 334.0)		0.3535255633632179		0.040465228979888544				0.242306760358614		0.28277198933850256		0.08093045795977709
[334.0, 335.0)		0.26440584505100634		0.04604356217259443				0.27570995312930796		0.3217535153019024		0.09208712434518886
[335.0, 336.0)		0.0702861952861953		0.2192760942760943		0.13152356902356904		0.21043771043771045		0.2981902356902357		0.0702861952861953
[336.0, 337.0)		0.06677329068372652		0.2333066773290684		0.14994002399040385		0.19992003198720512		0.28328668532586965		0.06677329068372652
[337.0, 338.0)		0.06677329068372652		0.15833666533386648		0.14994002399040385		0.2499000399840064		0.28328668532586965		0.09176329468212716
[338.0, 339.0)		0.06677329068372652		0.03338664534186326		0.19992003198720512		0.349860055977609		0.2333066773290684		0.11675329868052779
[339.0, 340.0)		0.06677329068372652		0.03338664534186326		0.19992003198720512		0.349860055977609		0.2333066773290684		0.11675329868052779
[340.0, 341.0)		0.04915333960489182		0.039275634995296335		0.1862652869238006		0.2645813734713076		0.36265286923800566		0.09807149576669803
[341.0, 342.0)		0.0702861952861953		0.25441919191919193		0.16666666666666669				0.4734848484848485		0.03514309764309765
[342.0, 343.0)		0.06677329068372652		0.26669332267093165		0.1833266693322671				0.44982007197121154		0.03338664534186326
[343.0, 344.0)		0.12404686628231357		0.14729403012832434		0.14729403012832434		0.14729403012832434		0.3797656685884322		0.05430537474428121
[344.0, 345.0)		0.31806615776081426		0.030352599054889136		0.242457288258815		0.08342420937840786		0.25754271174118504		0.06815703380588876
