slice	0	1	2	3	4	5	6	7	8	9	10	11
[0.0, 1.0)					0.875			0.125				
[1.0, 2.0)					0.75			0.25				
[2.0, 3.0)					0.16666666666666666		0.6666666666666666			0.16666666666666666		
[3.0, 4.0)					0.16666666666666666			0.6666666666666666				0.16666666666666666
[4.0, 5.0)	0.16666666666666666				0.16666666666666666					0.6666666666666666		
[5.0, 6.0)					0.16666666666666666			0.6666666666666666				0.16666666666666666
[6.0, 7.0)					0.16666666666666666		0.6666666666666666			0.16666666666666666		
[7.0, 8.0)				0.16666666666666666			0.16666666666666666					0.6666666666666666
[8.0, 9.0)					0.6666666666666666			0.16666666666666666				0.16666666666666666
[9.0, 10.0)					0.6666666666666666			0.16666666666666666				0.16666666666666666
[10.0, 11.0)			0.6666666666666666					0.16666666666666666				0.16666666666666666
[11.0, 12.0)			0.6666666666666666					0.16666666666666666				0.16666666666666666
[12.0, 13.0)	0.25				0.5			0.125				0.125
[13.0, 14.0)	0.5				0.3333333333333333			0.08333333333333333				0.08333333333333333
[14.0, 15.0)			0.5		0.3333333333333333			0.08333333333333333			0.08333333333333333	
[15.0, 16.0)			0.25		0.5			0.125			0.125	
[16.0, 17.0)	0.25				0.5			0.125				0.125
[17.0, 18.0)	0.5				0.3333333333333333			0.08333333333333333				0.08333333333333333
[18.0, 19.0)			0.5		0.3333333333333333			0.08333333333333333			0.08333333333333333	
[19.0, 20.0)			0.25		0.5			0.125			0.125	
[20.0, 21.0)						0.5				0.125		0.375
[21.0, 22.0)						0.5				0.125		0.375
[22.0, 23.0)						0.5				0.125		0.375
[23.0, 24.0)						0.5				0.125		0.375
[24.0, 25.0)						0.5				0.125		0.375
[25.0, 26.0)						0.5				0.125		0.375
[26.0, 27.0)	0.25					0.5				0.125		0.125
[27.0, 28.0)			0.25			0.5				0.125		0.125
[28.0, 29.0)	0.125				0.25					0.625		
[29.0, 30.0)			0.125			0.25				0.5		0.125
[30.0, 31.0)	0.125				0.125			0.25		0.5		
[31.0, 32.0)			0.125			0.125				0.75		
[32.0, 33.0)			0.125					0.125		0.5		0.25
[33.0, 34.0)	0.25				0.125					0.625		
[34.0, 35.0)			0.25					0.125		0.5		0.125
[35.0, 36.0)	0.125				0.25					0.625		
[36.0, 37.0)			0.5					0.25				0.25
[37.0, 38.0)					0.25	0.25		0.25				0.25
[38.0, 39.0)			0.5					0.25				0.25
[39.0, 40.0)	0.5					0.25				0.25		
[40.0, 41.0)					0.25			0.25				0.5
[41.0, 42.0)	0.25		0.25			0.25				0.25		
[42.0, 43.0)					0.25			0.25				0.5
[43.0, 44.0)			0.25			0.25				0.5		
[44.0, 45.0)	0.25				0.25			0.5				
[45.0, 46.0)			0.25			0.25				0.25		0.25
[46.0, 47.0)	0.25				0.25			0.5				
[47.0, 48.0)			0.25			0.5						0.25
[48.0, 49.0)	0.25				0.5					0.25		
[49.0, 50.0)			0.25			0.25		0.25				0.25
[50.0, 51.0)	0.25				0.5					0.25		
[51.0, 52.0)			0.5					0.25				0.25
[52.0, 53.0)	0.25					0.625				0.125		
[53.0, 54.0)			0.125		0.125	0.5		0.125				0.125
[54.0, 55.0)	0.25					0.625				0.125		
[55.0, 56.0)			0.125		0.125	0.5		0.125				0.125
[56.0, 57.0)					0.125	0.5		0.125				0.25
[57.0, 58.0)	0.125		0.125			0.625				0.125		
[58.0, 59.0)					0.125	0.5		0.125				0.25
[59.0, 60.0)	0.125		0.125			0.625				0.125		
[60.0, 61.0)						0.125				0.875		
[61.0, 62.0)				0.625		0.125				0.25		
[62.0, 63.0)	0.625		0.125		0.125						0.125	
[63.0, 64.0)	0.5		0.25		0.125						0.125	
[64.0, 65.0)		0.875								0.125		
[65.0, 66.0)		0.25						0.625		0.125		
[66.0, 67.0)		0.125		0.625		0.125		0.125				
[67.0, 68.0)		0.125		0.5		0.25		0.125				
[68.0, 69.0)	0.125				0.875							
[69.0, 70.0)	0.125				0.25						0.625	
[70.0, 71.0)						0.125		0.625		0.125		0.125
[71.0, 72.0)						0.125		0.5		0.25		0.125
[72.0, 73.0)					0.125				0.875			
[73.0, 74.0)			0.625		0.125				0.25			
[74.0, 75.0)	0.125		0.125						0.125		0.625	
[75.0, 76.0)	0.25		0.125						0.125		0.5	
[76.0, 77.0)			0.125			0.625			0.125		0.125	
[77.0, 78.0)	0.625		0.125						0.125		0.125	
[78.0, 79.0)			0.125						0.125			0.75
[79.0, 80.0)			0.125		0.125				0.125			0.625
[80.0, 81.0)	0.125		0.125			0.625			0.125			
[81.0, 82.0)	0.125		0.125						0.125		0.625	
[82.0, 83.0)		0.2222222222222222						0.1111111111111111		0.5555555555555556		0.1111111111111111
[83.0, 84.0)		0.2222222222222222			0.1111111111111111			0.1111111111111111		0.4444444444444444		0.1111111111111111
[84.0, 85.0)	0.1111111111111111				0.2222222222222222		0.5555555555555556		0.1111111111111111			
[85.0, 86.0)	0.09090909090909091				0.18181818181818182		0.36363636363636365		0.36363636363636365			
[86.0, 87.0)		0.5555555555555556		0.1111111111111111			0.1111111111111111	0.1111111111111111				0.1111111111111111
[87.0, 88.0)		0.36363636363636365		0.36363636363636365			0.09090909090909091	0.09090909090909091				0.09090909090909091
[88.0, 89.0)	0.5555555555555556		0.1111111111111111				0.1111111111111111				0.2222222222222222	
[89.0, 90.0)	0.36363636363636365		0.36363636363636365				0.09090909090909091				0.18181818181818182	
[90.0, 91.0)		0.2222222222222222				0.1111111111111111		0.5555555555555556		0.1111111111111111		
[91.0, 92.0)		0.2222222222222222				0.1111111111111111		0.4444444444444444		0.2222222222222222		
[92.0, 93.0)		0.2222222222222222				0.1111111111111111				0.6666666666666666		
[93.0, 94.0)		0.15384615384615385				0.07692307692307693				0.7692307692307693		
[94.0, 95.0)		0.2222222222222222				0.1111111111111111		0.4444444444444444		0.2222222222222222		
[95.0, 96.0)		0.2222222222222222				0.1111111111111111		0.4444444444444444		0.2222222222222222		
[96.0, 97.0)		0.3333333333333333								0.6666666666666666		
[97.0, 98.0)		0.3333333333333333								0.6666666666666666		
[98.0, 99.0)		0.3333333333333333								0.6666666666666666		
[99.0, 100.0)		0.3333333333333333								0.6666666666666666		
[100.0, 101.0)		0.3333333333333333								0.6666666666666666		
[101.0, 102.0)		0.3333333333333333								0.6666666666666666		
[102.0, 103.0)		0.3333333333333333								0.6666666666666666		
[103.0, 104.0)		0.3333333333333333								0.6666666666666666		
[104.0, 105.0)		0.16666666666666666					0.6666666666666666				0.16666666666666666	
[105.0, 106.0)		0.25					0.5				0.25	
[106.0, 107.0)		0.16666666666666666							0.6666666666666666			0.16666666666666666
[107.0, 108.0)		0.16666666666666666							0.6666666666666666			0.16666666666666666
[108.0, 109.0)		0.16666666666666666					0.6666666666666666				0.16666666666666666	
[109.0, 110.0)		0.25					0.5				0.25	
[110.0, 111.0)		0.16666666666666666							0.6666666666666666			0.16666666666666666
[111.0, 112.0)		0.16666666666666666							0.6666666666666666			0.16666666666666666
[112.0, 113.0)		0.16666666666666666					0.6666666666666666				0.16666666666666666	
[113.0, 114.0)		0.25					0.5				0.25	
[114.0, 115.0)		0.16666666666666666							0.6666666666666666			0.16666666666666666
[115.0, 116.0)		0.16666666666666666							0.16666666666666666		0.5	0.16666666666666666
[116.0, 117.0)		0.16666666666666666		0.16666666666666666								0.6666666666666666
[117.0, 118.0)		0.16666666666666666									0.6666666666666666	0.16666666666666666
[118.0, 119.0)		0.16666666666666666		0.16666666666666666					0.5			0.16666666666666666
[119.0, 120.0)		0.6666666666666666		0.16666666666666666		0.16666666666666666						
[120.0, 121.0)							0.8333333333333334			0.16666666666666666		
[121.0, 122.0)							0.75			0.25		
[122.0, 123.0)							0.16666666666666666		0.6666666666666666			0.16666666666666666
[123.0, 124.0)		0.16666666666666666					0.16666666666666666			0.6666666666666666		
[124.0, 125.0)			0.16666666666666666				0.16666666666666666					0.6666666666666666
[125.0, 126.0)		0.16666666666666666					0.16666666666666666			0.6666666666666666		
[126.0, 127.0)							0.16666666666666666		0.6666666666666666			0.16666666666666666
[127.0, 128.0)		0.6666666666666666				0.16666666666666666			0.16666666666666666			
[128.0, 129.0)		0.125					0.75			0.125		
[129.0, 130.0)		0.125					0.75			0.125		
[130.0, 131.0)		0.125			0.625		0.125			0.125		
[131.0, 132.0)		0.125			0.5		0.25			0.125		
[132.0, 133.0)		0.125		0.625			0.125			0.125		
[133.0, 134.0)		0.125		0.5			0.25			0.125		
[134.0, 135.0)		0.125	0.625				0.125			0.125		
[135.0, 136.0)		0.125	0.5				0.25			0.125		
[136.0, 137.0)		0.25					0.625			0.125		
[137.0, 138.0)				0.125	0.125		0.625			0.125		
[138.0, 139.0)		0.25					0.625			0.125		
[139.0, 140.0)				0.125	0.125		0.625			0.125		
[140.0, 141.0)	0.25						0.625			0.125		
[141.0, 142.0)			0.125		0.125		0.625			0.125		
[142.0, 143.0)	0.25						0.625			0.125		
[143.0, 144.0)			0.125		0.125		0.625			0.125		
[144.0, 145.0)	0.25			0.625						0.125		
[145.0, 146.0)	0.2222222222222222			0.4444444444444444			0.1111111111111111			0.2222222222222222		
[146.0, 147.0)			0.11764705882352941	0.23529411764705882					0.29411764705882354			0.35294117647058826
[147.0, 148.0)			0.125			0.3125			0.25			0.3125
[148.0, 149.0)	0.25			0.625						0.125		
[149.0, 150.0)	0.2222222222222222			0.4444444444444444			0.1111111111111111			0.2222222222222222		
[150.0, 151.0)			0.11764705882352941	0.23529411764705882					0.29411764705882354			0.35294117647058826
[151.0, 152.0)			0.125			0.3125			0.25			0.3125
[152.0, 153.0)	0.125			0.25			0.625					
[153.0, 154.0)	0.2222222222222222			0.2222222222222222			0.4444444444444444			0.1111111111111111		
[154.0, 155.0)			0.35294117647058826			0.11764705882352941	0.23529411764705882					0.29411764705882354
[155.0, 156.0)			0.3125			0.125			0.3125			0.25
[156.0, 157.0)	0.125			0.25			0.625					
[157.0, 158.0)	0.2222222222222222			0.2222222222222222			0.4444444444444444			0.1111111111111111		
[158.0, 159.0)			0.35294117647058826			0.11764705882352941	0.23529411764705882					0.29411764705882354
[159.0, 160.0)			0.3125			0.125			0.3125			0.25
[160.0, 161.0)				0.125			0.25			0.625		
[161.0, 162.0)	0.1111111111111111			0.2222222222222222			0.2222222222222222			0.4444444444444444		
[162.0, 163.0)			0.29411764705882354			0.35294117647058826			0.11764705882352941	0.23529411764705882		
[163.0, 164.0)			0.25			0.3125			0.125			0.3125
[164.0, 165.0)				0.125			0.25			0.625		
[165.0, 166.0)	0.1111111111111111			0.2222222222222222			0.2222222222222222			0.4444444444444444		
[166.0, 167.0)			0.29411764705882354			0.35294117647058826			0.11764705882352941	0.23529411764705882		
[167.0, 168.0)			0.25			0.3125			0.125			0.3125
[168.0, 169.0)	0.6875			0.3125								
[169.0, 170.0)	0.6875			0.3125								
[170.0, 171.0)	0.16666666666666666		0.4166666666666667			0.4166666666666667						
[171.0, 172.0)	0.16666666666666666			0.4166666666666667				0.4166666666666667				
[172.0, 173.0)	0.16666666666666666					0.4166666666666667			0.4166666666666667			
[173.0, 174.0)	0.16666666666666666			0.4166666666666667				0.4166666666666667				
[174.0, 175.0)	0.16666666666666666		0.4166666666666667			0.4166666666666667						
[175.0, 176.0)			0.16666666666666666					0.4166666666666667				0.4166666666666667
[176.0, 177.0)	0.4166666666666667			0.4166666666666667				0.16666666666666666				
[177.0, 178.0)	0.8			0.1				0.1				
[178.0, 179.0)	0.125			0.125				0.125			0.625	
[179.0, 180.0)	0.1			0.1				0.1			0.7	
[180.0, 181.0)	0.125			0.125				0.125		0.625		
[181.0, 182.0)	0.125			0.125				0.125		0.625		
[182.0, 183.0)	0.125			0.25					0.625			
[183.0, 184.0)	0.125			0.25					0.625			
[184.0, 185.0)		0.4166666666666667				0.16666666666666666			0.4166666666666667			
[185.0, 186.0)		0.4166666666666667				0.16666666666666666			0.4166666666666667			
[186.0, 187.0)		0.4166666666666667				0.16666666666666666			0.4166666666666667			
[187.0, 188.0)		0.4166666666666667				0.16666666666666666			0.4166666666666667			
[188.0, 189.0)		0.4166666666666667				0.16666666666666666			0.4166666666666667			
[189.0, 190.0)		0.4166666666666667				0.16666666666666666			0.4166666666666667			
[190.0, 191.0)		0.4166666666666667				0.16666666666666666			0.4166666666666667			
[191.0, 192.0)		0.4166666666666667				0.16666666666666666			0.4166666666666667			
[192.0, 193.0)		0.4166666666666667				0.16666666666666666			0.4166666666666667			
[193.0, 194.0)		0.4166666666666667				0.16666666666666666			0.4166666666666667			
[194.0, 195.0)		0.4166666666666667				0.16666666666666666			0.4166666666666667			
[195.0, 196.0)		0.4166666666666667				0.16666666666666666			0.4166666666666667			
[196.0, 197.0)		0.8333333333333334				0.16666666666666666						
[197.0, 198.0)		0.75				0.16666666666666666			0.08333333333333333			
[198.0, 199.0)		0.08333333333333333		0.75		0.08333333333333333	0.08333333333333333					
[199.0, 200.0)		0.08333333333333333				0.8333333333333334			0.08333333333333333			
[200.0, 201.0)		0.08333333333333333				0.08333333333333333	0.75				0.08333333333333333	
[201.0, 202.0)		0.08333333333333333				0.8333333333333334			0.08333333333333333			
[202.0, 203.0)		0.08333333333333333		0.75		0.08333333333333333	0.08333333333333333					
[203.0, 204.0)	0.08333333333333333			0.08333333333333333					0.8333333333333334			
[204.0, 205.0)		0.8333333333333334				0.16666666666666666						
[205.0, 206.0)		0.16666666666666666				0.3333333333333333			0.5			
[206.0, 207.0)				0.07692307692307693			0.15384615384615385					0.7692307692307693
[207.0, 208.0)				0.5714285714285714			0.2857142857142857					0.14285714285714285
[208.0, 209.0)			0.1111111111111111					0.7777777777777778				0.1111111111111111
[209.0, 210.0)			0.5714285714285714					0.2857142857142857				0.14285714285714285
[210.0, 211.0)					0.7692307692307693				0.07692307692307693			0.15384615384615385
[211.0, 212.0)					0.14285714285714285				0.14285714285714285			0.7142857142857143
[212.0, 213.0)			0.8333333333333334				0.16666666666666666					
[213.0, 214.0)			0.16666666666666666				0.3333333333333333			0.5		
[214.0, 215.0)	0.7692307692307693				0.07692307692307693			0.15384615384615385				
[215.0, 216.0)	0.14285714285714285				0.5714285714285714			0.2857142857142857				
[216.0, 217.0)	0.07692307692307693			0.07692307692307693					0.8461538461538461			
[217.0, 218.0)	0.14285714285714285			0.5714285714285714					0.2857142857142857			
[218.0, 219.0)	0.15384615384615385					0.7692307692307693				0.07692307692307693		
[219.0, 220.0)	0.6					0.2				0.2		
[220.0, 221.0)			0.15384615384615385		0.6923076923076923		0.07692307692307693				0.07692307692307693	
[221.0, 222.0)			0.13333333333333333		0.5333333333333333		0.06666666666666667				0.26666666666666666	
[222.0, 223.0)	0.15384615384615385				0.07692307692307693		0.6923076923076923		0.07692307692307693			
[223.0, 224.0)	0.06666666666666667				0.13333333333333333		0.5333333333333333		0.26666666666666666			
[224.0, 225.0)			0.15384615384615385		0.6923076923076923		0.07692307692307693				0.07692307692307693	
[225.0, 226.0)			0.13333333333333333		0.5333333333333333		0.06666666666666667				0.26666666666666666	
[226.0, 227.0)	0.15384615384615385				0.07692307692307693		0.6923076923076923		0.07692307692307693			
[227.0, 228.0)	0.06666666666666667				0.13333333333333333		0.5333333333333333		0.26666666666666666			
[228.0, 229.0)			0.15384615384615385		0.6923076923076923		0.07692307692307693				0.07692307692307693	
[229.0, 230.0)			0.13333333333333333		0.5333333333333333		0.06666666666666667				0.26666666666666666	
[230.0, 231.0)	0.15384615384615385				0.07692307692307693		0.6923076923076923		0.07692307692307693			
[231.0, 232.0)	0.058823529411764705				0.058823529411764705		0.7647058823529411		0.11764705882352941			
[232.0, 233.0)	0.1111111111111111				0.7777777777777778				0.1111111111111111			
[233.0, 234.0)			0.6666666666666666				0.2222222222222222				0.1111111111111111	
[234.0, 235.0)	0.5555555555555556		0.2222222222222222				0.1111111111111111				0.1111111111111111	
[235.0, 236.0)	0.1111111111111111				0.2222222222222222				0.1111111111111111		0.5555555555555556	
[236.0, 237.0)		0.07692307692307693				0.15384615384615385		0.6923076923076923		0.07692307692307693		
[237.0, 238.0)		0.26666666666666666				0.13333333333333333		0.5333333333333333		0.06666666666666667		
[238.0, 239.0)				0.15384615384615385				0.07692307692307693		0.6923076923076923		0.07692307692307693
[239.0, 240.0)				0.06666666666666667				0.13333333333333333		0.5333333333333333		0.26666666666666666
[240.0, 241.0)		0.07692307692307693				0.15384615384615385		0.6923076923076923		0.07692307692307693		
[241.0, 242.0)		0.26666666666666666				0.13333333333333333		0.5333333333333333		0.06666666666666667		
[242.0, 243.0)				0.15384615384615385				0.07692307692307693		0.6923076923076923		0.07692307692307693
[243.0, 244.0)				0.06666666666666667				0.13333333333333333		0.5333333333333333		0.26666666666666666
[244.0, 245.0)		0.07692307692307693				0.15384615384615385		0.6923076923076923		0.07692307692307693		
[245.0, 246.0)		0.26666666666666666				0.13333333333333333		0.5333333333333333		0.06666666666666667		
[246.0, 247.0)				0.15384615384615385				0.07692307692307693		0.6923076923076923		0.07692307692307693
[247.0, 248.0)				0.058823529411764705				0.058823529411764705		0.7647058823529411		0.11764705882352941
[248.0, 249.0)				0.1111111111111111				0.7777777777777778				0.1111111111111111
[249.0, 250.0)		0.1111111111111111				0.6666666666666666				0.2222222222222222		
[250.0, 251.0)		0.1111111111111111		0.5555555555555556		0.2222222222222222				0.1111111111111111		
[251.0, 252.0)		0.5555555555555556		0.1111111111111111				0.2222222222222222				0.1111111111111111
[252.0, 253.0)			0.14279588336192112				0.5716123499142367		0.14279588336192112		0.14279588336192112	
[253.0, 254.0)				0.14279588336192112		0.42881646655231564		0.14279588336192112		0.14279588336192112		0.14279588336192112
[254.0, 255.0)	0.14279588336192112				0.5716123499142367				0.14279588336192112		0.14279588336192112	
[255.0, 256.0)		0.14279588336192112		0.42881646655231564			0.14279588336192112			0.14279588336192112		0.14279588336192112
[256.0, 257.0)	0.28559176672384223		0.42881646655231564		0.14279588336192112				0.14279588336192112			
[257.0, 258.0)				0.5716123499142367				0.14279588336192112				0.28559176672384223
[258.0, 259.0)	0.14279588336192112				0.5716123499142367				0.14279588336192112		0.14279588336192112	
[259.0, 260.0)		0.14279588336192112				0.5716123499142367				0.28559176672384223		
[260.0, 261.0)			0.14279588336192112				0.14279588336192112		0.42881646655231564		0.28559176672384223	
[261.0, 262.0)				0.14279588336192112				0.5716123499142367				0.28559176672384223
[262.0, 263.0)	0.2855917667238422				0.1427958833619211		0.42881646655231553		0.1427958833619211			
[263.0, 264.0)		0.2855917667238422				0.42881646655231553	0.1427958833619211		0.1427958833619211			
[264.0, 265.0)	0.1427958833619211		0.1427958833619211		0.5716123499142366				0.1427958833619211			
[265.0, 266.0)		0.1427958833619211		0.1427958833619211		0.42881646655231553		0.1427958833619211				0.1427958833619211
[266.0, 267.0)	0.2855917667238422				0.1427958833619211		0.42881646655231553		0.1427958833619211			
[267.0, 268.0)		0.14279588336192112				0.14279588336192112		0.42881646655231564	0.14279588336192112			0.14279588336192112
[268.0, 269.0)	0.28559176672384223				0.14279588336192112		0.14279588336192112		0.42881646655231564			
[269.0, 270.0)		0.1427958833619211		0.1427958833619211				0.1427958833619211		0.42881646655231553		0.1427958833619211
[270.0, 271.0)	0.14279588336192112		0.14279588336192112		0.14279588336192112				0.14279588336192112		0.42881646655231564	
[271.0, 272.0)		0.14279588336192112		0.14279588336192112			0.14279588336192112			0.14279588336192112		0.42881646655231564
[272.0, 273.0)	0.5716123499142367				0.28559176672384223		0.14279588336192112					
[273.0, 274.0)		0.42881646655231553		0.1427958833619211		0.1427958833619211		0.1427958833619211				0.1427958833619211
[274.0, 275.0)	0.16658329164582292		0.5002501250625313				0.16658329164582292		0.16658329164582292			
[275.0, 276.0)		0.16658329164582292		0.5002501250625313				0.16658329164582292		0.16658329164582292		
[276.0, 277.0)	0.14279588336192112				0.7144082332761578				0.14279588336192112			
[277.0, 278.0)				0.14279588336192112		0.5716123499142367		0.14279588336192112				0.14279588336192112
[278.0, 279.0)	0.16658329164582292						0.6668334167083542		0.16658329164582292			
[279.0, 280.0)		0.16658329164582292						0.6668334167083542		0.16658329164582292		
[280.0, 281.0)									1.0			
[281.0, 282.0)									1.0			
[282.0, 283.0)									1.0			
[283.0, 284.0)									1.0			
[284.0, 285.0)									1.0			
[285.0, 286.0)									1.0			
[286.0, 287.0)									1.0			
[287.0, 288.0)									1.0			
[288.0, 289.0)							0.8334167083541771		0.16658329164582292			
[289.0, 290.0)							0.6668334167083542		0.33316658329164583			
[290.0, 291.0)							0.8334167083541771		0.16658329164582292			
[291.0, 292.0)							0.6668334167083542		0.33316658329164583			
[292.0, 293.0)							0.8334167083541771		0.16658329164582292			
[293.0, 294.0)							0.6668334167083542		0.33316658329164583			
[294.0, 295.0)							0.8334167083541771		0.16658329164582292			
[295.0, 296.0)							0.6668334167083542		0.33316658329164583			
[296.0, 297.0)							0.8334167083541771		0.16658329164582292			
[297.0, 298.0)		0.33344448149383127					0.44448149383127705		0.22207402467489162			
[298.0, 299.0)						0.33344448149383127	0.5555185061687229		0.11103701233744581			
[299.0, 300.0)							0.7779259753251084		0.22207402467489162			
[300.0, 301.0)						0.5002501250625313	0.33316658329164583		0.16658329164582292			
[301.0, 302.0)						0.3334444814938313	0.11103701233744584		0.5555185061687229			
[302.0, 303.0)					0.5002501250625313		0.33316658329164583		0.16658329164582292			
[303.0, 304.0)		0.33344448149383127			0.33344448149383127		0.11103701233744581		0.22207402467489162			
[304.0, 305.0)				0.5002501250625313			0.33316658329164583		0.16658329164582292			
[305.0, 306.0)				0.3334444814938313			0.11103701233744584		0.5555185061687229			
[306.0, 307.0)			0.5002501250625313				0.33316658329164583		0.16658329164582292			
[307.0, 308.0)			0.33344448149383127				0.11103701233744581		0.22207402467489162		0.33344448149383127	
[308.0, 309.0)		0.33344448149383127		0.33344448149383127			0.22207402467489162		0.11103701233744581			
[309.0, 310.0)		0.25006251562890724		0.25006251562890724			0.08327081770442611		0.4166041510377594			
[310.0, 311.0)	0.33344448149383127			0.33344448149383127			0.22207402467489162		0.11103701233744581			
[311.0, 312.0)	0.25006251562890724			0.25006251562890724			0.3333333333333333		0.16654163540885222			
[312.0, 313.0)			0.3334444814938313				0.22207402467489168		0.11103701233744584			0.3334444814938313
[313.0, 314.0)			0.25006251562890724			0.25006251562890724	0.08327081770442611		0.16654163540885222			0.25006251562890724
[314.0, 315.0)			0.30012004801920766			0.09993997599039615	0.1998799519807923		0.09993997599039615			0.30012004801920766
[315.0, 316.0)			0.25			0.0835	0.08325		0.33325			0.25
[316.0, 317.0)	0.33344448149383127			0.33344448149383127			0.22207402467489162		0.11103701233744581			
[317.0, 318.0)	0.25006251562890724			0.25006251562890724		0.25006251562890724	0.08327081770442611		0.16654163540885222			
[318.0, 319.0)	0.30012004801920766			0.30012004801920766		0.09993997599039615	0.1998799519807923		0.09993997599039615			
[319.0, 320.0)	0.25			0.25		0.0835	0.08325		0.33325			
[320.0, 321.0)			0.33333333333333326			0.16679169792448112	0.1665416354088522		0.0832708177044261			0.2500625156289072
[321.0, 322.0)			0.3335			0.16675	0.08325		0.1665			0.25
[322.0, 323.0)	0.25006251562890724			0.25006251562890724		0.16679169792448112	0.16654163540885222		0.16654163540885222			
[323.0, 324.0)	0.41675			0.25			0.08325		0.25			
[324.0, 325.0)	0.33344448149383127			0.33344448149383127			0.22207402467489162		0.11103701233744581			
[325.0, 326.0)	0.33344448149383127			0.33344448149383127			0.11103701233744581		0.22207402467489162			
[326.0, 327.0)							0.6666666666666666		0.3333333333333333			
[327.0, 328.0)							0.3333333333333333		0.6666666666666666			
[328.0, 329.0)					0.5002501250625312		0.16658329164582292		0.33316658329164583			
[329.0, 330.0)					0.5002501250625313		0.33316658329164583		0.16658329164582292			
[330.0, 331.0)							0.6668334167083542		0.33316658329164583			
[331.0, 332.0)							0.33316658329164583		0.6668334167083542			
[332.0, 333.0)				0.25006251562890724			0.08327081770442611		0.41660415103775944		0.25006251562890724	
[333.0, 334.0)				0.25006251562890724			0.16654163540885222		0.5833958489622406			
[334.0, 335.0)				0.25006251562890724			0.3333333333333333		0.4166041510377594			
[335.0, 336.0)	0.25006251562890724			0.25006251562890724			0.16654163540885222		0.33333333333333337			
[336.0, 337.0)					0.5002501250625312		0.16658329164582292		0.33316658329164583			
[337.0, 338.0)					0.5002501250625313		0.33316658329164583		0.16658329164582292			
[338.0, 339.0)							0.6668334167083542		0.33316658329164583			
[339.0, 340.0)							0.33316658329164583		0.6668334167083542			
[340.0, 341.0)							0.11103701233744584		0.5555185061687229		0.3334444814938313	
[341.0, 342.0)				0.3334444814938313			0.22207402467489168		0.4444814938312771			
[342.0, 343.0)	0.33344448149383127						0.44448149383127705		0.22207402467489162			
[343.0, 344.0)						0.3334444814938313	0.22207402467489168		0.4444814938312771			
[344.0, 345.0)							0.11103701233744584		0.5555185061687229		0.3334444814938313	
[345.0, 346.0)				0.3334444814938313			0.22207402467489168		0.4444814938312771			
[346.0, 347.0)	0.33344448149383127						0.44448149383127705		0.22207402467489162			
[347.0, 348.0)						0.3334444814938313	0.22207402467489168		0.4444814938312771			
[348.0, 349.0)						0.3334444814938313	0.11103701233744584		0.5555185061687229			
[349.0, 350.0)						0.3334444814938313	0.22207402467489168		0.4444814938312771			
[350.0, 351.0)						0.3334444814938313	0.11103701233744584		0.5555185061687229			
[351.0, 352.0)						0.3334444814938313	0.22207402467489168		0.4444814938312771			
[352.0, 353.0)						0.3334444814938313	0.11103701233744584		0.5555185061687229			
[353.0, 354.0)						0.3334444814938313	0.22207402467489168		0.4444814938312771			
[354.0, 355.0)						0.3334444814938313	0.11103701233744584		0.5555185061687229			
[355.0, 356.0)						0.3334444814938313	0.22207402467489168		0.4444814938312771			
[356.0, 357.0)						0.5002501250625313	0.33316658329164583		0.16658329164582292			
[357.0, 358.0)		0.33344448149383127				0.33344448149383127	0.11103701233744581		0.22207402467489162			
[358.0, 359.0)						0.6668889629876625	0.22207402467489162		0.11103701233744581			
[359.0, 360.0)						0.33344448149383127	0.44448149383127705		0.22207402467489162			
[360.0, 361.0)						0.5002501250625313	0.33316658329164583		0.16658329164582292			
[361.0, 362.0)						0.3334444814938313	0.11103701233744584		0.5555185061687229			
[362.0, 363.0)					0.5002501250625313		0.33316658329164583		0.16658329164582292			
[363.0, 364.0)		0.33344448149383127			0.33344448149383127		0.11103701233744581		0.22207402467489162			
[364.0, 365.0)				0.5002501250625313			0.33316658329164583		0.16658329164582292			
[365.0, 366.0)				0.3334444814938313			0.11103701233744584		0.5555185061687229			
[366.0, 367.0)			0.5002501250625313				0.33316658329164583		0.16658329164582292			
[367.0, 368.0)			0.33344448149383127				0.11103701233744581		0.22207402467489162		0.33344448149383127	
[368.0, 369.0)		0.33344448149383127		0.33344448149383127			0.22207402467489162		0.11103701233744581			
[369.0, 370.0)		0.25006251562890724		0.25006251562890724			0.08327081770442611		0.4166041510377594			
[370.0, 371.0)	0.33344448149383127			0.33344448149383127			0.22207402467489162		0.11103701233744581			
[371.0, 372.0)	0.25006251562890724			0.25006251562890724			0.3333333333333333		0.16654163540885222			
[372.0, 373.0)			0.3334444814938313				0.22207402467489168		0.11103701233744584			0.3334444814938313
[373.0, 374.0)			0.25006251562890724			0.25006251562890724	0.08327081770442611		0.16654163540885222			0.25006251562890724
[374.0, 375.0)			0.30012004801920766			0.09993997599039615	0.1998799519807923		0.09993997599039615			0.30012004801920766
[375.0, 376.0)			0.25			0.0835	0.08325		0.33325			0.25
[376.0, 377.0)	0.33344448149383127			0.33344448149383127			0.22207402467489162		0.11103701233744581			
[377.0, 378.0)	0.25006251562890724			0.25006251562890724		0.25006251562890724	0.08327081770442611		0.16654163540885222			
[378.0, 379.0)	0.30012004801920766			0.30012004801920766		0.09993997599039615	0.1998799519807923		0.09993997599039615			
[379.0, 380.0)	0.25			0.25		0.0835	0.08325		0.33325			
[380.0, 381.0)			0.33333333333333326			0.16679169792448112	0.1665416354088522		0.0832708177044261			0.2500625156289072
[381.0, 382.0)			0.3335			0.16675	0.08325		0.1665			0.25
[382.0, 383.0)	0.3333333333333333			0.25006251562890724			0.16654163540885222		0.25006251562890724			
[383.0, 384.0)	0.3335			0.25			0.08325		0.33325			
[384.0, 385.0)			0.33333333333333326			0.16679169792448112	0.1665416354088522		0.0832708177044261			0.2500625156289072
[385.0, 386.0)			0.3335			0.16675	0.08325		0.1665			0.25
[386.0, 387.0)	0.3333333333333333			0.25006251562890724			0.16654163540885222		0.25006251562890724			
[387.0, 388.0)	0.3335			0.25			0.08325		0.33325			
[388.0, 389.0)			0.3333333333333333									0.6666666666666666
[389.0, 390.0)			0.6666666666666666									0.3333333333333333
[390.0, 391.0)			0.3333333333333333									0.6666666666666666
[391.0, 392.0)			0.6666666666666666									0.3333333333333333
[392.0, 393.0)			0.6666666666666666			0.3333333333333333						
[393.0, 394.0)			0.3333333333333333			0.6666666666666666						
[394.0, 395.0)			0.6666666666666666			0.3333333333333333						
[395.0, 396.0)			0.3333333333333333			0.6666666666666666						
[396.0, 397.0)								0.7999999999999999				0.20000000000000004
[397.0, 398.0)								0.7999999999999999				0.20000000000000004
[398.0, 399.0)								0.7999999999999999				0.20000000000000004
[399.0, 400.0)								0.7999999999999999				0.20000000000000004
[400.0, 401.0)								0.7999999999999999				0.20000000000000004
[401.0, 402.0)								0.7999999999999999				0.20000000000000004
[402.0, 403.0)								0.7999999999999999				0.20000000000000004
[403.0, 404.0)								0.7999999999999999				0.20000000000000004
[404.0, 405.0)								0.7999999999999999				0.20000000000000004
[405.0, 406.0)								0.7999999999999999				0.20000000000000004
[406.0, 407.0)								0.7999999999999999				0.20000000000000004
[407.0, 408.0)								0.7999999999999999				0.20000000000000004
[408.0, 409.0)		0.3332380680194341						0.5715918833952558		0.09517004858531009		
[409.0, 410.0)		0.22207402467489162						0.6668889629876625		0.11103701233744581		
[410.0, 411.0)		0.20000000000000004						0.6666666666666666		0.13333333333333333		
[411.0, 412.0)		0.20000000000000004						0.6666666666666666		0.13333333333333333		
[412.0, 413.0)			0.20000000000000004					0.6666666666666666				0.13333333333333333
[413.0, 414.0)			0.20000000000000004					0.6666666666666666				0.13333333333333333
[414.0, 415.0)			0.20000000000000004					0.6666666666666666				0.13333333333333333
[415.0, 416.0)			0.20000000000000004					0.6666666666666666				0.13333333333333333
[416.0, 417.0)		0.09517004858531009			0.3332380680194341			0.5715918833952558				
[417.0, 418.0)		0.11103701233744581			0.22207402467489162			0.6668889629876625				
[418.0, 419.0)		0.13333333333333333			0.20000000000000004			0.6666666666666666				
[419.0, 420.0)		0.13333333333333333			0.20000000000000004			0.6666666666666666				
[420.0, 421.0)			0.13333333333333333				0.20000000000000004	0.6666666666666666				
[421.0, 422.0)			0.13333333333333333				0.20000000000000004	0.6666666666666666				
[422.0, 423.0)			0.13333333333333333				0.20000000000000004	0.6666666666666666				
[423.0, 424.0)			0.13333333333333333				0.20000000000000004	0.6666666666666666				
[424.0, 425.0)					0.09517004858531009			0.9048299514146899				
[425.0, 426.0)					0.11103701233744581			0.8889629876625541				
[426.0, 427.0)					0.13333333333333333			0.8666666666666667				
[427.0, 428.0)					0.13333333333333333			0.8666666666666667				
[428.0, 429.0)							0.13333333333333333	0.6666666666666666		0.20000000000000004		
[429.0, 430.0)							0.13333333333333333	0.6666666666666666		0.20000000000000004		
[430.0, 431.0)							0.13333333333333333	0.6666666666666666		0.20000000000000004		
[431.0, 432.0)							0.13333333333333333	0.6666666666666666		0.20000000000000004		
[432.0, 433.0)								0.5715918833952558		0.09517004858531009		0.3332380680194341
[433.0, 434.0)								0.7779259753251084				0.22207402467489162
[434.0, 435.0)								0.7999999999999999				0.20000000000000004
[435.0, 436.0)								0.7999999999999999				0.20000000000000004
[436.0, 437.0)		0.20000000000000004						0.6666666666666666		0.13333333333333333		
[437.0, 438.0)		0.20000000000000004						0.6666666666666666		0.13333333333333333		
[438.0, 439.0)	0.13333333333333333	0.06666666666666667						0.6666666666666666		0.13333333333333333		
[439.0, 440.0)		0.20000000000000004						0.6666666666666666		0.13333333333333333		
[440.0, 441.0)			0.3332380680194341					0.5715918833952558				0.09517004858531009
[441.0, 442.0)			0.22207402467489162					0.6668889629876625				0.11103701233744581
[442.0, 443.0)			0.20000000000000004					0.6666666666666666				0.13333333333333333
[443.0, 444.0)			0.20000000000000004					0.6666666666666666				0.13333333333333333
[444.0, 445.0)		0.04			0.16			0.4				0.4
[445.0, 446.0)		0.12000000000000002			0.08			0.4				0.4
[446.0, 447.0)		0.48			0.12000000000000002			0.4				
[447.0, 448.0)		0.08	0.4		0.12000000000000002			0.4				
[448.0, 449.0)			0.08		0.4		0.12000000000000002	0.4				
[449.0, 450.0)			0.48				0.12000000000000002	0.4				
[450.0, 451.0)		0.4	0.08				0.12000000000000002	0.4				
[451.0, 452.0)				0.08			0.52	0.4				
[452.0, 453.0)					0.08			0.52				0.4
[453.0, 454.0)					0.08			0.52				0.4
[454.0, 455.0)		0.4			0.08			0.52				
[455.0, 456.0)			0.4		0.08			0.52				
[456.0, 457.0)					0.4		0.08	0.4		0.12000000000000002		
[457.0, 458.0)			0.4				0.08	0.4		0.12000000000000002		
[458.0, 459.0)		0.4					0.08	0.4		0.12000000000000002		
[459.0, 460.0)							0.4	0.48		0.12000000000000002		
[460.0, 461.0)		0.08333333333333333	0.08333333333333333			0.25		0.08333333333333333	0.25			0.25
[461.0, 462.0)			0.25			0.25			0.25			0.25
[462.0, 463.0)			0.25			0.25			0.25			0.25
[463.0, 464.0)			0.25			0.25			0.25			0.25
[464.0, 465.0)			0.25			0.25			0.25			0.25
[465.0, 466.0)			0.25			0.25			0.25			0.25
[466.0, 467.0)			0.25			0.25			0.25			0.25
[467.0, 468.0)			0.25			0.25			0.25			0.25
[468.0, 469.0)			0.25			0.25			0.25			0.25
[469.0, 470.0)	0.25		0.25			0.25			0.25			
[470.0, 471.0)				0.25		0.25			0.25			0.25
[471.0, 472.0)			0.25			0.25		0.25				0.25
[472.0, 473.0)			0.25			0.25			0.25			0.25
[473.0, 474.0)	0.25		0.25			0.25			0.25			
[474.0, 475.0)				0.25		0.25			0.25			0.25
[475.0, 476.0)			0.25			0.25		0.25				0.25
[476.0, 477.0)			0.25			0.25			0.25			0.25
[477.0, 478.0)	0.25		0.25			0.25			0.25			
[478.0, 479.0)				0.25		0.25			0.25			0.25
[479.0, 480.0)			0.25			0.25		0.25				0.25
[480.0, 481.0)			0.25			0.25			0.25			0.25
[481.0, 482.0)	0.25		0.25			0.25			0.25			
[482.0, 483.0)				0.25		0.25			0.25			0.25
[483.0, 484.0)			0.25			0.25		0.25				0.25
[484.0, 485.0)												1.0
[485.0, 486.0)												1.0
[486.0, 487.0)												1.0
[487.0, 488.0)												1.0
[488.0, 489.0)		0.3333333333333333										0.6666666666666666
[489.0, 490.0)		0.3333333333333333										0.6666666666666666
[490.0, 491.0)		0.3333333333333333										0.6666666666666666
[491.0, 492.0)		0.3333333333333333										0.6666666666666666
[492.0, 493.0)		0.5								0.5		
[493.0, 494.0)		0.5								0.5		
[494.0, 495.0)		0.5								0.3333333333333333		0.16666666666666666
[495.0, 496.0)		0.5								0.3333333333333333		0.16666666666666666
[496.0, 497.0)								1.0				
[497.0, 498.0)								1.0				
[498.0, 499.0)								1.0				
[499.0, 500.0)								1.0				
[500.0, 501.0)				0.22244488977955912			0.4438877755511022		0.11122244488977956			0.22244488977955912
[501.0, 502.0)							0.0009990009990009992		0.9990009990009991			
[502.0, 503.0)									1.0			
[503.0, 504.0)									1.0			
[504.0, 505.0)									1.0			
[505.0, 506.0)							0.5		0.5			
[506.0, 507.0)							0.5		0.5			
[507.0, 508.0)							0.5		0.5			
[508.0, 509.0)							0.5		0.5			
[509.0, 510.0)							0.5		0.5			
[510.0, 511.0)				0.11103701233744581	0.11103701233744581		0.33344448149383127		0.33344448149383127			0.11103701233744581
[511.0, 512.0)							0.75		0.25			
[512.0, 513.0)							0.25		0.25			0.5
[513.0, 514.0)							0.5		0.5			
[514.0, 515.0)				0.11103701233744581	0.11103701233744581		0.33344448149383127		0.33344448149383127			0.11103701233744581
[515.0, 516.0)							0.75		0.25			
[516.0, 517.0)							0.25		0.25			0.5
[517.0, 518.0)				0.11111111111111112			0.7222222222222222		0.05555555555555556			0.11111111111111112
[518.0, 519.0)							0.5002498750624688		0.49975012493753124			
[519.0, 520.0)							0.5		0.5			
[520.0, 521.0)							0.5		0.5			
[521.0, 522.0)									1.0			
[522.0, 523.0)							0.5		0.5			
[523.0, 524.0)				0.11103701233744581	0.11103701233744581		0.33344448149383127		0.33344448149383127			0.11103701233744581
[524.0, 525.0)							0.75		0.25			
[525.0, 526.0)							0.25		0.25			0.5
[526.0, 527.0)							0.5		0.5			
[527.0, 528.0)				0.11103701233744581	0.11103701233744581		0.33344448149383127		0.33344448149383127			0.11103701233744581
[528.0, 529.0)							0.75		0.25			
[529.0, 530.0)							0.25		0.25			0.5
[530.0, 531.0)		0.16666666666666666			0.3333333333333333		0.3333333333333333		0.08333333333333333			0.08333333333333333
[531.0, 532.0)		0.2777592530843614			0.0833611203734578		0.3334444814938312		0.1943981327109036			0.1110370123374458
[532.0, 533.0)		0.16666666666666666			0.3056666666666667		0.3333333333333333		0.19433333333333333			
[533.0, 534.0)		0.16661112962345884			0.08330556481172942		0.3332222592469177		0.19460179940019995		0.22225924691769408	
[534.0, 535.0)		0.25			0.125				0.125			0.5
[535.0, 536.0)		0.25			0.125				0.125			0.5
[536.0, 537.0)		0.25			0.625				0.125			
[537.0, 538.0)		0.25			0.625				0.125			
[538.0, 539.0)		0.25			0.125				0.125			0.5
[539.0, 540.0)		0.75			0.125				0.125			
[540.0, 541.0)		0.25			0.125				0.125			0.5
[541.0, 542.0)		0.25			0.125				0.125		0.5	
[542.0, 543.0)				0.3125					0.375			0.3125
[543.0, 544.0)				0.5					0.25			0.25
[544.0, 545.0)			0.3125			0.3125					0.375	
[545.0, 546.0)				0.3125			0.3125					0.375
[546.0, 547.0)		0.375			0.3125				0.3125			
[547.0, 548.0)				0.3125			0.3125					0.375
[548.0, 549.0)			0.3125			0.3125					0.375	
[549.0, 550.0)				0.375				0.3125			0.3125	
[550.0, 551.0)				0.3125					0.375			0.3125
[551.0, 552.0)				0.5					0.25			0.25
[552.0, 553.0)			0.3125			0.3125					0.375	
[553.0, 554.0)				0.3125			0.3125					0.375
[554.0, 555.0)		0.375			0.3125				0.3125			
[555.0, 556.0)				0.3125					0.375			0.3125
[556.0, 557.0)		0.375			0.3125				0.3125			
[557.0, 558.0)				0.3125			0.3125					0.375
[558.0, 559.0)		0.25			0.5				0.125			0.125
[559.0, 560.0)		0.41670835417708857			0.12506253126563283				0.29164582291145574			0.16658329164582292
[560.0, 561.0)		0.25			0.4585				0.2915			
[561.0, 562.0)		0.24987506246876556			0.12493753123438278				0.29185407296351823		0.3333333333333333	
[562.0, 563.0)		0.25			0.125				0.125			0.5
[563.0, 564.0)		0.25			0.125				0.125			0.5
[564.0, 565.0)		0.25			0.625				0.125			
[565.0, 566.0)		0.25			0.625				0.125			
[566.0, 567.0)		0.25			0.125				0.125			0.5
[567.0, 568.0)		0.75			0.125				0.125			
[568.0, 569.0)		0.25			0.125				0.125			0.5
[569.0, 570.0)		0.25			0.125				0.125		0.5	
[570.0, 571.0)				0.3125					0.375			0.3125
[571.0, 572.0)				0.5					0.25			0.25
[572.0, 573.0)			0.3125			0.3125					0.375	
[573.0, 574.0)				0.3125			0.3125					0.375
[574.0, 575.0)		0.375			0.3125				0.3125			
[575.0, 576.0)				0.3125			0.3125					0.375
[576.0, 577.0)			0.3125			0.3125					0.375	
[577.0, 578.0)				0.375				0.3125			0.3125	
[578.0, 579.0)				0.4166666666666667					0.5			0.08333333333333333
[579.0, 580.0)		0.4166666666666667					0.5			0.08333333333333333		
[580.0, 581.0)		0.5			0.08333333333333333				0.4166666666666667			
[581.0, 582.0)				0.5				0.08333333333333333			0.4166666666666667	
[582.0, 583.0)				0.4166666666666667					0.5			0.08333333333333333
[583.0, 584.0)		0.4166666666666667					0.5			0.08333333333333333		
[584.0, 585.0)		0.5			0.08333333333333333				0.4166666666666667			
[585.0, 586.0)				0.5				0.08333333333333333			0.4166666666666667	
