slice	0	1	2	3	4	5	6	7	8	9	10	11
[0.0, 1.0)	0.16666666666666669		0.16666666666666669		0.16666666666666669			0.16666666666666669			0.33333333333333337	
[1.0, 2.0)	0.16666666666666669		0.16666666666666669		0.16666666666666669			0.16666666666666669			0.33333333333333337	
[2.0, 3.0)					1.0							
[3.0, 4.0)					1.0							
[4.0, 5.0)			0.2		0.1	0.2		0.1			0.4	
[5.0, 6.0)			0.2		0.1	0.2		0.1			0.4	
[6.0, 7.0)			0.2			0.4					0.4	
[7.0, 8.0)			0.3			0.3					0.4	
[8.0, 9.0)	0.16666666666666669		0.16666666666666669		0.16666666666666669			0.16666666666666669			0.33333333333333337	
[9.0, 10.0)	0.16666666666666669		0.16666666666666669		0.16666666666666669			0.16666666666666669			0.33333333333333337	
[10.0, 11.0)					1.0							
[11.0, 12.0)					1.0							
[12.0, 13.0)			0.2		0.1	0.2		0.1			0.4	
[13.0, 14.0)			0.2		0.1	0.2		0.1			0.4	
[14.0, 15.0)			0.2			0.4					0.4	
[15.0, 16.0)			0.3			0.3					0.4	
[16.0, 17.0)			0.16666666666666669		0.33333333333333337				0.16666666666666669			0.33333333333333337
[17.0, 18.0)			0.16666666666666669		0.33333333333333337				0.16666666666666669			0.33333333333333337
[18.0, 19.0)					0.5							0.5
[19.0, 20.0)					1.0							
[20.0, 21.0)	0.16658329164582292				0.41670835417708857			0.25012506253126565		0.16658329164582292		
[21.0, 22.0)	0.25				0.125			0.375		0.25		
[22.0, 23.0)			0.16658329164582292			0.6668334167083542					0.16658329164582292	
[23.0, 24.0)			0.16666666666666666			0.5				0.3333333333333333		
[24.0, 25.0)	0.16658329164582292				0.5002501250625313	0.16658329164582292				0.16658329164582292		
[25.0, 26.0)	0.3				0.3	0.2				0.2		
[26.0, 27.0)			0.6668334167083542					0.16658329164582292			0.16658329164582292	
[27.0, 28.0)	0.16666666666666666		0.16666666666666666					0.3333333333333333			0.3333333333333333	
[28.0, 29.0)	0.16658329164582292				0.41670835417708857			0.25012506253126565		0.16658329164582292		
[29.0, 30.0)	0.25				0.125			0.375		0.25		
[30.0, 31.0)			0.16658329164582292			0.6668334167083542					0.16658329164582292	
[31.0, 32.0)			0.16666666666666666			0.5				0.3333333333333333		
[32.0, 33.0)	0.16658329164582292				0.5002501250625313	0.16658329164582292				0.16658329164582292		
[33.0, 34.0)	0.3				0.3	0.2				0.2		
[34.0, 35.0)			0.6668334167083542					0.16658329164582292			0.16658329164582292	
[35.0, 36.0)	0.125		0.375					0.25			0.25	
[36.0, 37.0)	0.07142857142857142		0.21428571428571427					0.5			0.21428571428571427	
[37.0, 38.0)	0.14285714285714285				0.2857142857142857	0.14285714285714285				0.42857142857142855		
[38.0, 39.0)	0.07142857142857142		0.21428571428571427					0.5			0.21428571428571427	
[39.0, 40.0)	0.14285714285714285				0.2857142857142857	0.14285714285714285				0.42857142857142855		
[40.0, 41.0)	0.07142857142857142		0.21428571428571427					0.5			0.21428571428571427	
[41.0, 42.0)	0.14285714285714285				0.2857142857142857	0.14285714285714285				0.42857142857142855		
[42.0, 43.0)	0.2571428571428572				0.2857142857142857	0.2571428571428572				0.19999999999999998		
[43.0, 44.0)	0.0951700485853101		0.23806801943412403		0.0951700485853101	0.4286939125464419				0.14289797084881395		
[44.0, 45.0)	0.07142857142857142		0.21428571428571427					0.5			0.21428571428571427	
[45.0, 46.0)	0.14285714285714285				0.2857142857142857	0.14285714285714285				0.42857142857142855		
[46.0, 47.0)	0.07142857142857142		0.21428571428571427					0.5			0.21428571428571427	
[47.0, 48.0)	0.14285714285714285				0.2857142857142857	0.14285714285714285				0.42857142857142855		
[48.0, 49.0)	0.07142857142857142		0.21428571428571427					0.5			0.21428571428571427	
[49.0, 50.0)	0.14285714285714285				0.2857142857142857	0.14285714285714285				0.42857142857142855		
[50.0, 51.0)	0.5237007424328955			0.23814962878355228		0.04768703597944032		0.14277555682467163		0.04768703597944032		
[51.0, 52.0)	0.4000800160032006			0.2000400080016003		0.0666133226645329		0.26665333066613317		0.0666133226645329		
[52.0, 53.0)	0.3333333333333333		0.2333333333333333			0.3					0.13333333333333333	
[53.0, 54.0)			0.5001667222407469			0.27775925308436145		0.11103701233744581		0.11103701233744581		
[54.0, 55.0)			0.16666666666666666			0.3333333333333333				0.3333333333333333	0.16666666666666666	
[55.0, 56.0)			0.16666666666666666		0.3333333333333333			0.3333333333333333			0.16666666666666666	
[56.0, 57.0)			0.25			0.3333333333333333		0.16666666666666666			0.25	
[57.0, 58.0)	0.11103701233744584		0.27775925308436145		0.11103701233744584			0.3334444814938313			0.16672224074691566	
[58.0, 59.0)	0.16666666666666666		0.5					0.16666666666666666			0.16666666666666666	
[59.0, 60.0)	0.125		0.375					0.25		0.125	0.125	
[60.0, 61.0)			0.16666666666666666			0.16666666666666666		0.3333333333333333			0.3333333333333333	
[61.0, 62.0)	0.5001667222407469				0.16672224074691563	0.11103701233744581		0.11103701233744581		0.11103701233744581		
[62.0, 63.0)			0.16666666666666666			0.3333333333333333				0.3333333333333333	0.16666666666666666	
[63.0, 64.0)	0.16666666666666666				0.3333333333333333			0.3333333333333333		0.16666666666666666		
[64.0, 65.0)			0.3333333333333333			0.5					0.16666666666666666	
[65.0, 66.0)	0.11103701233744581		0.11103701233744581		0.11103701233744581			0.5001667222407469			0.16672224074691563	
[66.0, 67.0)	0.25		0.5								0.25	
[67.0, 68.0)	0.125		0.125		0.125	0.25					0.375	
[68.0, 69.0)			0.3333333333333333			0.5					0.16666666666666666	
[69.0, 70.0)	0.11103701233744581		0.11103701233744581		0.11103701233744581			0.5001667222407469			0.16672224074691563	
[70.0, 71.0)	0.16666666666666666		0.3333333333333333			0.16666666666666666					0.3333333333333333	
[71.0, 72.0)						0.5			0.125		0.375	
[72.0, 73.0)			0.23806801943412403			0.14289797084881395		0.1903400971706202		0.2857959416976279		0.14289797084881395
[73.0, 74.0)			0.2000400080016003			0.26665333066613317				0.0666133226645329		0.46669333866773355
[74.0, 75.0)			0.16658329164582292			0.16658329164582292				0.16658329164582292		0.5002501250625312
[75.0, 76.0)			0.6668334167083542			0.16658329164582292						0.16658329164582292
[76.0, 77.0)			0.09537407195888063		0.19046259280411193			0.33323814962878356			0.38092518560822386	
[77.0, 78.0)		0.09537407195888063			0.19046259280411193			0.33323814962878356		0.38092518560822386		
[78.0, 79.0)	0.11125916055962691		0.055629580279813455			0.3887408394403731			0.44437041972018654			
[79.0, 80.0)			0.19046259280411193			0.33323814962878356		0.38092518560822386				0.09537407195888063
[80.0, 81.0)	0.055629580279813455				0.3887408394403731		0.44437041972018654			0.11125916055962691		
[81.0, 82.0)	0.27781479013990673				0.22218520986009327		0.3887408394403731			0.11125916055962691		
[82.0, 83.0)			0.4167083541770885			0.16658329164582292		0.16658329164582292			0.2501250625312656	
[83.0, 84.0)	0.2000800320128051		0.3333333333333333			0.3333333333333333					0.1332533013205282	
[84.0, 85.0)			0.09537407195888063		0.19046259280411193			0.33323814962878356			0.38092518560822386	
[85.0, 86.0)		0.09537407195888063			0.19046259280411193			0.33323814962878356		0.38092518560822386		
[86.0, 87.0)	0.11125916055962691		0.055629580279813455			0.3887408394403731			0.44437041972018654			
[87.0, 88.0)			0.19046259280411193			0.33323814962878356		0.38092518560822386				0.09537407195888063
[88.0, 89.0)	0.055629580279813455				0.3887408394403731		0.44437041972018654			0.11125916055962691		
[89.0, 90.0)	0.27781479013990673				0.22218520986009327		0.3887408394403731			0.11125916055962691		
[90.0, 91.0)			0.4167083541770885			0.16658329164582292		0.16658329164582292			0.2501250625312656	
[91.0, 92.0)	0.2000800320128051		0.3333333333333333			0.3333333333333333					0.1332533013205282	
[92.0, 93.0)	0.4666133546581368				0.2333066773290684			0.06677329068372652		0.19992003198720512	0.03338664534186326	
[93.0, 94.0)	0.4				0.4					0.2		
[94.0, 95.0)			0.30007996801279485			0.23330667732906835				0.4666133546581367		
[95.0, 96.0)			0.4			0.4		0.2				
[96.0, 97.0)	0.26669332267093165				0.4666133546581368			0.03338664534186326		0.19992003198720512	0.03338664534186326	
[97.0, 98.0)	0.2				0.6					0.2		
[98.0, 99.0)	0.06677329068372652			0.2333066773290684		0.26669332267093165				0.4332267093162735		
[99.0, 100.0)				0.4		0.4		0.2				
[100.0, 101.0)			0.19443518827057646			0.22225924691769408		0.16661112962345884		0.16661112962345884	0.25008330556481173	
[101.0, 102.0)			0.3334444814938313			0.11103701233744584		0.11103701233744584		0.11103701233744584	0.3334444814938313	
[102.0, 103.0)	0.14281633818908882		0.1905169951442445			0.16666666666666666		0.3333333333333333				0.16666666666666666
[103.0, 104.0)			0.14285714285714285			0.2857142857142857		0.42857142857142855		0.14285714285714285		
[104.0, 105.0)			0.19443518827057646			0.22225924691769408		0.16661112962345884		0.16661112962345884	0.25008330556481173	
[105.0, 106.0)			0.3334444814938313			0.11103701233744584		0.11103701233744584		0.11103701233744584	0.3334444814938313	
[106.0, 107.0)	0.14281633818908882		0.1905169951442445			0.16666666666666666		0.3333333333333333				0.16666666666666666
[107.0, 108.0)			0.15384615384615385			0.15384615384615385		0.46153846153846156		0.07692307692307693		0.15384615384615385
[108.0, 109.0)			0.25		0.125	0.125		0.125		0.125	0.25	
[109.0, 110.0)		0.125	0.125		0.125	0.125		0.25			0.25	
[110.0, 111.0)		0.125	0.125		0.125	0.375				0.25		
[111.0, 112.0)	0.125		0.125			0.375				0.25		0.125
[112.0, 113.0)			0.2			0.3				0.4		0.1
[113.0, 114.0)			0.25			0.25		0.125		0.25		0.125
[114.0, 115.0)	0.36363636363636365				0.09090909090909091	0.09090909090909091		0.45454545454545453				
[115.0, 116.0)	0.4166666666666667				0.08333333333333333	0.08333333333333333		0.4166666666666667				
[116.0, 117.0)	0.33316683316683315			0.5				0.16683316683316682				
[117.0, 118.0)	0.27781479013990673			0.27781479013990673				0.055629580279813455			0.3887408394403731	
[118.0, 119.0)	0.047687035979440316		0.38092518560822386				0.09537407195888063			0.47601370645345514		
[119.0, 120.0)	0.16666666666666666		0.2501249375312344				0.08345827086456771			0.4997501249375311		
[120.0, 121.0)	0.33333333333333337			0.33333333333333337				0.16666666666666669			0.16666666666666669	
[121.0, 122.0)	0.09537407195888065		0.14277555682467163	0.23814962878355228		0.14277555682467163		0.19046259280411196		0.19046259280411196		
[122.0, 123.0)			0.4999999999999999			0.23330667732906835				0.2666933226709316		
[123.0, 124.0)			0.5555555555555556			0.2222222222222222				0.2222222222222222		
[124.0, 125.0)	0.33316683316683315			0.5				0.16683316683316682				
[125.0, 126.0)	0.27781479013990673			0.27781479013990673				0.055629580279813455			0.3887408394403731	
[126.0, 127.0)	0.047687035979440316		0.38092518560822386				0.09537407195888063			0.47601370645345514		
[127.0, 128.0)	0.16666666666666666		0.2501249375312344				0.08345827086456771			0.4997501249375311		
[128.0, 129.0)	0.44437041972018654			0.44437041972018654				0.11125916055962691				
[129.0, 130.0)	0.11125916055962691		0.1665556295802798	0.27781479013990673		0.1665556295802798		0.27781479013990673				
[130.0, 131.0)	0.1333466613354658			0.2666933226709316			0.1999200319872051		0.40003998400639734			
[131.0, 132.0)	0.25			0.125			0.25		0.375			
[132.0, 133.0)				0.2083958020989505		0.2916041979010494			0.2083958020989505			0.2916041979010494
[133.0, 134.0)				0.30007996801279485		0.1999200319872051			0.16673330667732905			0.3332666933226709
[134.0, 135.0)			0.41654172913543225			0.08345827086456771		0.2916041979010494				0.2083958020989505
[135.0, 136.0)			0.3998400639744102			0.16673330667732905		0.1333466613354658				0.30007996801279485
[136.0, 137.0)				0.2083958020989505		0.2916041979010494			0.3333333333333333			0.16666666666666666
[137.0, 138.0)				0.30007996801279485		0.1999200319872051			0.2666933226709316			0.23330667732906835
[138.0, 139.0)			0.2333066773290684			0.06677329068372652		0.26669332267093165				0.4332267093162735
[139.0, 140.0)			0.2			0.2		0.2				0.4
[140.0, 141.0)				0.2083958020989505		0.2916041979010494			0.2083958020989505			0.2916041979010494
[141.0, 142.0)				0.30007996801279485		0.1999200319872051			0.16673330667732905			0.3332666933226709
[142.0, 143.0)			0.41654172913543225			0.08345827086456771		0.2916041979010494				0.2083958020989505
[143.0, 144.0)			0.3998400639744102			0.16673330667732905		0.1333466613354658				0.30007996801279485
[144.0, 145.0)				0.2083958020989505		0.2916041979010494			0.3333333333333333			0.16666666666666666
[145.0, 146.0)		0.09996001599360255		0.30007996801279485		0.1999200319872051			0.30007996801279485			0.09996001599360255
[146.0, 147.0)		0.33316683316683315		0.24975024975024973		0.1251248751248751			0.16683316683316682			0.1251248751248751
[147.0, 148.0)		0.49975012493753124		0.24987506246876562		0.08345827086456772			0.08345827086456772			0.08345827086456772
[148.0, 149.0)	0.23814962878355225		0.09537407195888063		0.33323814962878356			0.33323814962878356				
[149.0, 150.0)	0.23814962878355225		0.09537407195888063		0.19046259280411193			0.33323814962878356			0.1427755568246716	
[150.0, 151.0)	0.11125916055962691		0.1665556295802798			0.44437041972018654					0.27781479013990673	
[151.0, 152.0)	0.09537407195888063		0.2855511136493432			0.38092518560822386					0.23814962878355225	
[152.0, 153.0)					0.6109260493004663					0.27781479013990673	0.11125916055962691	
[153.0, 154.0)	0.3331112591605596				0.44437041972018654					0.11125916055962691	0.11125916055962691	
[154.0, 155.0)			0.38092518560822386			0.23814962878355225		0.09537407195888063			0.2855511136493432	
[155.0, 156.0)	0.12493753123438278		0.2083958020989505			0.2083958020989505		0.2083958020989505			0.24987506246876556	
[156.0, 157.0)	0.23814962878355225		0.09537407195888063		0.33323814962878356			0.33323814962878356				
[157.0, 158.0)	0.23814962878355225		0.09537407195888063		0.19046259280411193			0.33323814962878356			0.1427755568246716	
[158.0, 159.0)	0.11125916055962691		0.1665556295802798			0.44437041972018654					0.27781479013990673	
[159.0, 160.0)	0.09537407195888063		0.2855511136493432			0.38092518560822386					0.23814962878355225	
[160.0, 161.0)					0.6109260493004663					0.27781479013990673	0.11125916055962691	
[161.0, 162.0)	0.3331112591605596				0.44437041972018654					0.11125916055962691	0.11125916055962691	
[162.0, 163.0)			0.5832083958020988			0.08345827086456771		0.08345827086456771		0.24987506246876556		
[163.0, 164.0)			0.5832083958020988					0.08345827086456771		0.3333333333333333		
[164.0, 165.0)					0.6109260493004663					0.27781479013990673	0.11125916055962691	
[165.0, 166.0)	0.3331112591605596				0.44437041972018654					0.11125916055962691	0.11125916055962691	
[166.0, 167.0)			0.38092518560822386			0.23814962878355225		0.09537407195888063			0.2855511136493432	
[167.0, 168.0)			0.3333333333333333					0.2083958020989505		0.2083958020989505	0.24987506246876556	
[168.0, 169.0)			0.16666666666666666			0.16666666666666666		0.24987506246876556		0.2083958020989505	0.2083958020989505	
[169.0, 170.0)			0.16666666666666666			0.16666666666666666		0.24987506246876556		0.2083958020989505	0.2083958020989505	
[170.0, 171.0)	0.2778147901399068		0.2778147901399068					0.2221852098600933			0.2221852098600933	
[171.0, 172.0)	0.2778147901399068		0.2778147901399068					0.2221852098600933			0.2221852098600933	
[172.0, 173.0)			0.40003998400639745			0.26669332267093165		0.09996001599360256			0.2333066773290684	
[173.0, 174.0)			0.40003998400639745			0.26669332267093165		0.09996001599360256			0.2333066773290684	
[174.0, 175.0)	0.6					0.2				0.2		
[175.0, 176.0)	0.25					0.25				0.5		
[176.0, 177.0)										1.0		
[177.0, 178.0)										1.0		
[178.0, 179.0)										1.0		
[179.0, 180.0)										1.0		
[180.0, 181.0)			0.33311125916055967			0.16688874083944039				0.41672218520986015		0.08327781479013992
[181.0, 182.0)	0.16655562958027983		0.4163890739506996		0.08327781479013992	0.16688874083944039				0.16688874083944039		
[182.0, 183.0)			0.4996668887408395		0.16655562958027983	0.16688874083944039				0.16688874083944039		
[183.0, 184.0)	0.16655562958027983		0.4996668887408395			0.16688874083944039				0.16688874083944039		
[184.0, 185.0)			0.33311125916055967			0.16688874083944039				0.2501665556295803		0.24983344437041974
[185.0, 186.0)			0.33311125916055967			0.16688874083944039		0.16655562958027983		0.16688874083944039		0.16655562958027983
[186.0, 187.0)	0.24987506246876562		0.24987506246876562			0.12518740629685157				0.3750624687656172		
[187.0, 188.0)			0.49975012493753124			0.12518740629685157				0.3750624687656172		
[188.0, 189.0)			0.33311125916055967			0.16688874083944039				0.41672218520986015		0.08327781479013992
[189.0, 190.0)	0.16655562958027983		0.4163890739506996		0.08327781479013992	0.16688874083944039				0.16688874083944039		
[190.0, 191.0)			0.4996668887408395		0.16655562958027983	0.16688874083944039				0.16688874083944039		
[191.0, 192.0)	0.16655562958027983		0.4996668887408395			0.16688874083944039				0.16688874083944039		
[192.0, 193.0)			0.33311125916055967			0.16688874083944039				0.2501665556295803		0.24983344437041974
[193.0, 194.0)			0.33311125916055967			0.16688874083944039		0.16655562958027983		0.16688874083944039		0.16655562958027983
[194.0, 195.0)	0.24987506246876562		0.24987506246876562			0.12518740629685157				0.3750624687656172		
[195.0, 196.0)			0.49975012493753124			0.12518740629685157				0.3750624687656172		
[196.0, 197.0)	0.19992003198720512		0.21671331467413038		0.04998000799680128	0.1833266693322671		0.1167532986805278		0.2333066773290684		
[197.0, 198.0)	0.10419790104947528		0.33333333333333337			0.16666666666666669		0.10419790104947528		0.2291354322838581		0.062468765617191405
[198.0, 199.0)	0.09996001599360255		0.2666933226709316			0.23330667732906835		0.16673330667732905		0.1333466613354658		0.09996001599360255
[199.0, 200.0)	0.03338664534186326		0.26669332267093165			0.33326669332267095		0.13334666133546583		0.13334666133546583		0.09996001599360256
[200.0, 201.0)			0.11125916055962692		0.08327781479013992	0.30546302465023323		0.19453697534976686		0.30546302465023323		
[201.0, 202.0)	0.05562958027981346		0.2778147901399068			0.38874083944037313		0.05562958027981346		0.2221852098600933		
[202.0, 203.0)	0.16673330667732905		0.1333466613354658		0.23330667732906835			0.2666933226709316			0.1999200319872051	
[203.0, 204.0)	0.1		0.1		0.4			0.2			0.2	
[204.0, 205.0)	0.19992003198720512		0.21671331467413038		0.04998000799680128	0.1833266693322671		0.1167532986805278		0.2333066773290684		
[205.0, 206.0)	0.10419790104947528		0.33333333333333337			0.16666666666666669		0.10419790104947528		0.2291354322838581		0.062468765617191405
[206.0, 207.0)	0.09996001599360255		0.2666933226709316			0.23330667732906835		0.16673330667732905		0.1333466613354658		0.09996001599360255
[207.0, 208.0)	0.03338664534186326		0.26669332267093165			0.33326669332267095		0.13334666133546583		0.13334666133546583		0.09996001599360256
[208.0, 209.0)			0.11125916055962692		0.08327781479013992	0.30546302465023323		0.19453697534976686		0.30546302465023323		
[209.0, 210.0)	0.05562958027981346		0.2778147901399068			0.38874083944037313		0.05562958027981346		0.2221852098600933		
[210.0, 211.0)	0.16673330667732905		0.1333466613354658		0.23330667732906835			0.2666933226709316			0.1999200319872051	
[211.0, 212.0)	0.1		0.1		0.4			0.2			0.2	
[212.0, 213.0)						0.5680021804306351		0.0681384573453257		0.27282638321068414	0.09103297901335514	
[213.0, 214.0)	0.2037325038880249		0.055543212619417914		0.31481892912686077	0.22217285047767166				0.148189291268607	0.055543212619417914	
[214.0, 215.0)	0.1333466613354658		0.36665333866453415		0.16673330667732905	0.1999200319872051					0.1333466613354658	
[215.0, 216.0)	0.2276184903452311		0.16266822703335282			0.3577140628047591				0.09752291788570312	0.130095572459528	0.02438072947142578
[216.0, 217.0)			0.22225924691769408			0.22225924691769408				0.3888703765411529		0.16661112962345884
[217.0, 218.0)			0.11112962345884705		0.11112962345884705	0.1944351882705765		0.1944351882705765		0.11112962345884705		0.2777407530823059
[218.0, 219.0)			0.2221480987324883		0.5557038025350233				0.11107404936624415			0.11107404936624415
[219.0, 220.0)			0.2221480987324883		0.5557038025350233				0.11107404936624415			0.11107404936624415
[220.0, 221.0)						0.5680021804306351		0.0681384573453257		0.27282638321068414	0.09103297901335514	
[221.0, 222.0)	0.2037325038880249		0.055543212619417914		0.31481892912686077	0.22217285047767166				0.148189291268607	0.055543212619417914	
[222.0, 223.0)	0.1333466613354658		0.36665333866453415		0.16673330667732905	0.1999200319872051					0.1333466613354658	
[223.0, 224.0)	0.2276184903452311		0.16266822703335282			0.3577140628047591				0.09752291788570312	0.130095572459528	0.02438072947142578
[224.0, 225.0)			0.22225924691769408			0.22225924691769408				0.3888703765411529		0.16661112962345884
[225.0, 226.0)			0.11112962345884705		0.11112962345884705	0.1944351882705765		0.1944351882705765		0.11112962345884705		0.2777407530823059
[226.0, 227.0)			0.08345827086456771			0.3333333333333333				0.3333333333333333		0.24987506246876556
[227.0, 228.0)			0.16666666666666669		0.16666666666666669	0.16666666666666669		0.16666666666666669		0.04172913543228386		0.2916041979010495
[228.0, 229.0)			0.5276574475174941			0.25008330556481173		0.16661112962345886		0.05564811729423526		
[229.0, 230.0)			0.2777407530823059		0.11112962345884705	0.11112962345884705		0.2777407530823059		0.11112962345884705		0.11112962345884705
[230.0, 231.0)	0.16661112962345886		0.11112962345884705		0.11112962345884705	0.11112962345884705		0.2777407530823059		0.11112962345884705		0.11112962345884705
[231.0, 232.0)	0.16661112962345886		0.11112962345884705		0.11112962345884705	0.11112962345884705		0.2777407530823059		0.11112962345884705		0.11112962345884705
[232.0, 233.0)	0.37506246876561716					0.24987506246876556		0.37506246876561716				
[233.0, 234.0)	0.3530103480714957			0.029397930385700842	0.23518344308560674	0.029397930385700842		0.3530103480714957				
[234.0, 235.0)	0.16673330667732905		0.16673330667732905	0.1999200319872051		0.1999200319872051		0.2666933226709316				
[235.0, 236.0)	0.16673330667732905		0.16673330667732905	0.1999200319872051		0.1999200319872051		0.2666933226709316				
[236.0, 237.0)			0.14306110793832094			0.1427755568246716		0.4286122215876642			0.2855511136493432	
[237.0, 238.0)			0.11782690498588898	0.029397930385700842		0.26458137347130756		0.3530103480714957			0.23518344308560674	
[238.0, 239.0)	0.16673330667732905		0.16673330667732905	0.1999200319872051		0.1999200319872051		0.2666933226709316				
[239.0, 240.0)	0.16673330667732905		0.16673330667732905	0.1999200319872051		0.1999200319872051		0.0667732906837265		0.1999200319872051		
[240.0, 241.0)			0.11125916055962691			0.1665556295802798		0.5556295802798135			0.1665556295802798	
[241.0, 242.0)			0.27781479013990673			0.27781479013990673		0.27781479013990673			0.1665556295802798	
[242.0, 243.0)			0.2333066773290684		0.03338664534186326	0.13334666133546583		0.13334666133546583		0.13334666133546583		0.33326669332267095
[243.0, 244.0)			0.2333066773290684		0.03338664534186326	0.13334666133546583		0.13334666133546583		0.13334666133546583		0.33326669332267095
[244.0, 245.0)					0.20004797313504438				0.3600383785080355			0.4399136483569201
[245.0, 246.0)			0.16666666666666666		0.16666666666666666		0.16666666666666666		0.16666666666666666			0.3333333333333333
[246.0, 247.0)			0.2333066773290684		0.03338664534186326	0.13334666133546583		0.13334666133546583		0.13334666133546583		0.33326669332267095
[247.0, 248.0)	0.1333466613354658		0.23330667732906835			0.16673330667732905		0.09996001599360255		0.16673330667732905		0.1999200319872051
[248.0, 249.0)					0.35833333333333334		0.041666666666666664		0.19999999999999998			0.39999999999999997
[249.0, 250.0)					0.2001000500250125				0.2666333166583292	0.16658329164582292		0.36668334167083544
[250.0, 251.0)					0.2				0.35			0.45
[251.0, 252.0)					0.2		0.25		0.35			0.2
[252.0, 253.0)				0.4001333777925975	0.06668889629876626		0.11103701233744581		0.2887629209736579			0.13337779259753252
[253.0, 254.0)				0.33333333333333337	0.30000000000000004				0.23333333333333336			0.13333333333333336
[254.0, 255.0)		0.39999999999999997			0.06666666666666667		0.39999999999999997			0.06666666666666667		0.06666666666666667
[255.0, 256.0)		0.33333333333333326			0.13333333333333333		0.3999999999999999			0.06666666666666667		0.06666666666666667
[256.0, 257.0)					0.7411764705882353		0.11764705882352941		0.047058823529411764			0.09411764705882353
[257.0, 258.0)					0.48019207683073223				0.17326930772308924	0.1332533013205282		0.21328531412565027
[258.0, 259.0)					0.48				0.24			0.27999999999999997
[259.0, 260.0)					0.48		0.2		0.24			0.08
[260.0, 261.0)				0.4401760704281712	0.04001600640256102		0.13325330132052818		0.3065226090436174			0.08003201280512204
[261.0, 262.0)				0.4	0.27999999999999997				0.24			0.08
[262.0, 263.0)			0.43999999999999995		0.039999999999999994		0.3999999999999999		0.039999999999999994			0.07999999999999999
[263.0, 264.0)			0.3999999999999999		0.47999999999999987				0.039999999999999994			0.07999999999999999
[264.0, 265.0)		0.29150000000000004			0.29175					0.375		0.04175
[265.0, 266.0)		0.125			0.41675		0.1665			0.25		0.04175
[266.0, 267.0)		0.25			0.20850000000000002				0.5415			
[267.0, 268.0)		0.33325000000000005			0.5				0.16675			
[268.0, 269.0)				0.25	0.04175			0.125				0.58325
[269.0, 270.0)				0.25				0.41675				0.33325000000000005
[270.0, 271.0)		0.58325			0.29175				0.125			
[271.0, 272.0)		0.25			0.16675				0.58325			
[272.0, 273.0)		0.29150000000000004			0.29175					0.375		0.04175
[273.0, 274.0)		0.125			0.41675		0.1665			0.25		0.04175
[274.0, 275.0)		0.25			0.20850000000000002				0.5415			
[275.0, 276.0)		0.2727024815925825			0.545404963185165				0.18189255522225253			
[276.0, 277.0)				0.25	0.04175			0.125				0.58325
[277.0, 278.0)				0.25				0.41675				0.33325000000000005
[278.0, 279.0)		0.58325			0.29175				0.125			
[279.0, 280.0)		0.25			0.16675				0.58325			
[280.0, 281.0)		0.5415000000000001		0.04175000000000001	0.25000000000000006				0.12500000000000003		0.04175000000000001	
[281.0, 282.0)		0.20825000000000002			0.25				0.16675		0.33325	0.04175
[282.0, 283.0)				0.58325					0.29175			0.125
[283.0, 284.0)				0.25					0.20850000000000002			0.5415
[284.0, 285.0)		0.4090537223888738		0.04554131442596128	0.18189255522225253				0.31797109353695124		0.04554131442596128	
[285.0, 286.0)		0.31797109353695124			0.18189255522225253				0.09108262885192256		0.36351240796291245	0.04554131442596128
[286.0, 287.0)				0.58325					0.29175			0.125
[287.0, 288.0)				0.18189255522225253					0.4090537223888738			0.4090537223888738
[288.0, 289.0)				0.26669332267093165					0.39984006397441024	0.03338664534186326		0.3000799680127949
[289.0, 290.0)				0.2			0.26680000000000004		0.1332	0.2		0.2
[290.0, 291.0)		0.23330667732906843		0.3998400639744103	0.033386645341863266					0.2666933226709317		0.06677329068372653
[291.0, 292.0)		0.4668		0.1332	0.2					0.2		
[292.0, 293.0)				0.46661335465813686					0.3998400639744103	0.06677329068372653		0.06677329068372653
[293.0, 294.0)				0.6			0.26680000000000004		0.1332			
[294.0, 295.0)				0.39984006397441024	0.3000799680127949				0.2333066773290684			0.06677329068372652
[295.0, 296.0)		0.3335			0.25				0.25			0.1665
[296.0, 297.0)			0.16666666666666666			0.16666666666666666			0.2778333333333333	0.0555		0.3333333333333333
[297.0, 298.0)		0.055509251541923654	0.22220370061676945			0.1666944490748458			0.1666944490748458			0.3888981496916153
[298.0, 299.0)		0.09090909090909091		0.09090909090909091			0.18181818181818182		0.18181818181818182	0.18181818181818182		0.2727272727272727
[299.0, 300.0)		0.1					0.2		0.1	0.2		0.4
[300.0, 301.0)		0.16666666666666666	0.16666666666666666			0.16666666666666666			0.2778333333333333	0.0555		0.16666666666666666
[301.0, 302.0)		0.055509251541923654	0.22220370061676945			0.1666944490748458			0.3333888981496916			0.22220370061676945
[302.0, 303.0)		0.125		0.125					0.25	0.25		0.25
[303.0, 304.0)		0.125							0.125	0.25		0.5
[304.0, 305.0)					0.3335001250938203		0.1666249687265449		0.1666249687265449	0.08331248436327245		0.24993745308981738
[305.0, 306.0)		0.0999699789852897		0.0999699789852897	0.6001200840588411		0.0999699789852897		0.0999699789852897			
[306.0, 307.0)	0.14285714285714285			0.14285714285714285	0.5714285714285714				0.14285714285714285			
[307.0, 308.0)		0.14285714285714285		0.14285714285714285	0.5714285714285714		0.14285714285714285					
[308.0, 309.0)	0.16666666666666666			0.16666666666666666	0.3333333333333333				0.16666666666666666			0.16666666666666666
[309.0, 310.0)		0.14285714285714285		0.14285714285714285	0.2857142857142857		0.14285714285714285			0.14285714285714285		0.14285714285714285
[310.0, 311.0)				0.4					0.6			
[311.0, 312.0)				0.4					0.6			
[312.0, 313.0)				0.2			0.2		0.6			
[313.0, 314.0)				0.2			0.2		0.6			
[314.0, 315.0)					0.4				0.6			
[315.0, 316.0)		0.2			0.2				0.6			
[316.0, 317.0)				0.4					0.6			
[317.0, 318.0)				0.2					0.6			0.2
[318.0, 319.0)		0.4							0.6			
[319.0, 320.0)		0.2							0.6	0.2		
[320.0, 321.0)				0.4					0.6			
[321.0, 322.0)				0.4					0.6			
[322.0, 323.0)				0.4					0.6			
[323.0, 324.0)				0.4					0.6			
[324.0, 325.0)				0.3333333333333333			0.16666666666666666		0.5			
[325.0, 326.0)				0.3333333333333333			0.16666666666666666		0.5			
[326.0, 327.0)				0.16666666666666666	0.3333333333333333				0.5			
[327.0, 328.0)		0.16666666666666666		0.16666666666666666	0.16666666666666666				0.5			
[328.0, 329.0)				0.6666666666666666					0.3333333333333333			
[329.0, 330.0)				0.3333333333333333					0.3333333333333333			0.3333333333333333
[330.0, 331.0)		0.6666666666666666							0.3333333333333333			
[331.0, 332.0)		0.3333333333333333							0.3333333333333333	0.3333333333333333		
[332.0, 333.0)				0.3					0.4			0.3
[333.0, 334.0)				0.2727272727272727		0.09090909090909091			0.36363636363636365			0.2727272727272727
[334.0, 335.0)				0.3					0.4			0.3
[335.0, 336.0)				0.2727272727272727		0.09090909090909091			0.36363636363636365			0.2727272727272727
[336.0, 337.0)				0.3					0.3			0.4
[337.0, 338.0)				0.2727272727272727		0.09090909090909091			0.2727272727272727			0.36363636363636365
[338.0, 339.0)		0.4				0.3					0.3	
[339.0, 340.0)		0.36363636363636365				0.36363636363636365					0.2727272727272727	
[340.0, 341.0)				0.3					0.4			0.3
[341.0, 342.0)				0.2727272727272727		0.09090909090909091			0.36363636363636365			0.2727272727272727
[342.0, 343.0)				0.3					0.3			0.4
[343.0, 344.0)				0.2727272727272727		0.09090909090909091			0.2727272727272727			0.36363636363636365
[344.0, 345.0)		0.4				0.3					0.3	
[345.0, 346.0)		0.36363636363636365				0.36363636363636365					0.2727272727272727	
[346.0, 347.0)				0.4					0.3			0.3
[347.0, 348.0)		0.007465339495200855		0.3554923569143264	0.004976892996800569	0.0888730892285816		0.004976892996800569	0.2666192676857448		0.004976892996800569	0.2666192676857448
[348.0, 349.0)		0.3			0.25			0.25			0.2	
[349.0, 350.0)		0.2727272727272727			0.22727272727272727	0.09090909090909091		0.22727272727272727			0.18181818181818182	
[350.0, 351.0)			0.375			0.375				0.25		
[351.0, 352.0)			0.38235294117647056			0.38235294117647056				0.23529411764705882		
[352.0, 353.0)	0.25				0.375					0.375		
[353.0, 354.0)	0.2647058823529412				0.3235294117647059	0.058823529411764705				0.35294117647058826		
[354.0, 355.0)			0.375			0.25				0.0625	0.3125	
[355.0, 356.0)	0.029411764705882353		0.3235294117647059			0.29411764705882354				0.058823529411764705	0.29411764705882354	
[356.0, 357.0)		0.3			0.275			0.225			0.2	
[357.0, 358.0)		0.2727272727272727			0.22727272727272727	0.09090909090909091		0.22727272727272727			0.18181818181818182	
[358.0, 359.0)			0.375			0.375				0.25		
[359.0, 360.0)			0.38235294117647056			0.38235294117647056				0.23529411764705882		
[360.0, 361.0)	0.25				0.375					0.375		
[361.0, 362.0)	0.2647058823529412				0.3235294117647059	0.058823529411764705				0.35294117647058826		
[362.0, 363.0)			0.375			0.25				0.0625	0.3125	
[363.0, 364.0)	0.029411764705882353		0.3235294117647059			0.29411764705882354				0.058823529411764705	0.29411764705882354	
[364.0, 365.0)	0.4				0.4					0.2		
[365.0, 366.0)	0.3333333333333333				0.3333333333333333	0.16666666666666666				0.16666666666666666		
[366.0, 367.0)	0.3333333333333333			0.3333333333333333						0.3333333333333333		
[367.0, 368.0)	0.2857142857142857			0.2857142857142857		0.2857142857142857		0.14285714285714285				
[368.0, 369.0)	0.4				0.4					0.2		
[369.0, 370.0)	0.3333333333333333				0.3333333333333333	0.16666666666666666				0.16666666666666666		
[370.0, 371.0)	0.3333333333333333			0.3333333333333333						0.3333333333333333		
[371.0, 372.0)	0.3333333333333333			0.3333333333333333		0.25		0.08333333333333333				
[372.0, 373.0)	0.125		0.25			0.25				0.125	0.25	
[373.0, 374.0)	0.125		0.25			0.25				0.125	0.25	
[374.0, 375.0)		0.25				0.25				0.25	0.25	
[375.0, 376.0)		0.25				0.375		0.125			0.25	
[376.0, 377.0)	0.25					0.25				0.25	0.25	
[377.0, 378.0)	0.5					0.16666666666666666				0.16666666666666666	0.16666666666666666	
[378.0, 379.0)		0.25				0.25				0.25	0.25	
[379.0, 380.0)		0.48	0.02			0.16		0.02		0.16	0.16	
[380.0, 381.0)	0.1		0.4					0.2		0.1	0.2	
[381.0, 382.0)	0.1		0.4					0.2		0.1	0.2	
[382.0, 383.0)			0.4					0.2		0.2	0.2	
[383.0, 384.0)			0.4			0.1		0.3			0.2	
[384.0, 385.0)			0.4					0.2		0.2	0.2	
[385.0, 386.0)			0.5714285714285714					0.14285714285714285		0.14285714285714285	0.14285714285714285	
[386.0, 387.0)	0.25				0.25					0.25	0.25	
[387.0, 388.0)	0.16666666666666666				0.5					0.16666666666666666	0.16666666666666666	
[388.0, 389.0)	0.3000300030003					0.34998499849985		0.04995499549954995		0.3000300030003		
[389.0, 390.0)	0.3333333333333333					0.2857551078725532				0.3333333333333333	0.04757822546078011	
[390.0, 391.0)	0.35714285714285715					0.2857142857142857				0.35714285714285715		
[391.0, 392.0)	0.2857142857142857					0.2857142857142857		0.07142857142857142		0.35714285714285715		
[392.0, 393.0)		0.3125390673834229				0.12501562695336915		0.041630203775471934		0.5208151018877359		
[393.0, 394.0)		0.3333333333333333				0.08333333333333333				0.5833333333333334		
[394.0, 395.0)			0.23076923076923078			0.15384615384615385		0.38461538461538464				0.23076923076923078
[395.0, 396.0)			0.23076923076923078			0.15384615384615385		0.38461538461538464				0.23076923076923078
[396.0, 397.0)	0.2143163309044149					0.5		0.07136733819117017		0.2143163309044149		
[397.0, 398.0)	0.26665333066613317					0.4000800160032006				0.26665333066613317	0.0666133226645329	
[398.0, 399.0)	0.3					0.4				0.3		
[399.0, 400.0)	0.2					0.4		0.1		0.3		
[400.0, 401.0)		0.25006251562890724				0.25006251562890724		0.08327081770442611		0.4166041510377594		
[401.0, 402.0)		0.25				0.375				0.375		
[402.0, 403.0)			0.2			0.2		0.4				0.2
[403.0, 404.0)		0.015812535721089732	0.19051247856734613			0.20632501428843586		0.38102495713469225		0.015812535721089732		0.19051247856734613
[404.0, 405.0)		0.2857551078725532				0.2857551078725532		0.04757822546078011		0.3809115587941134		
[405.0, 406.0)		0.2857142857142857				0.35714285714285715				0.35714285714285715		
[406.0, 407.0)	0.1111111111111111		0.2222222222222222			0.1111111111111111		0.3333333333333333			0.2222222222222222	
[407.0, 408.0)	0.1111111111111111		0.2222222222222222			0.1111111111111111		0.3333333333333333			0.2222222222222222	
[408.0, 409.0)	0.1111111111111111		0.2222222222222222			0.1111111111111111		0.3333333333333333			0.2222222222222222	
[409.0, 410.0)	0.1111111111111111		0.2222222222222222			0.1111111111111111		0.3333333333333333			0.2222222222222222	
[410.0, 411.0)	0.1111111111111111		0.2222222222222222			0.1111111111111111		0.3333333333333333			0.2222222222222222	
[411.0, 412.0)	0.1111111111111111		0.2222222222222222			0.1111111111111111		0.3333333333333333			0.2222222222222222	
[412.0, 413.0)	0.375					0.125		0.25		0.25		
[413.0, 414.0)	0.375					0.125		0.25		0.25		
[414.0, 415.0)	0.375					0.125		0.25		0.25		
[415.0, 416.0)	0.375					0.125		0.25		0.25		
[416.0, 417.0)	0.375					0.375				0.25		
[417.0, 418.0)	0.375					0.375				0.25		
[418.0, 419.0)	0.375					0.375				0.25		
[419.0, 420.0)	0.375					0.375				0.25		
